Generation 500: test Loss = 0.00527
训练集上一个批次数据的前10个数据
 [[ 0.59414226]
 [ 0.46443516]
 [ 0.42259413]
 [ 0.38912135]
 [ 0.53556484]
 [ 0.40167364]
 [ 0.57322174]
 [ 0.54811716]
 [ 0.45188284]
 [ 0.48535565]]
测试集上一个批次数据的前10个数据
 [[ 0.66945606]
 [ 0.65690374]
 [ 0.43933055]
 [ 0.54811716]
 [ 0.42259413]
 [ 0.51046026]
 [ 0.48953974]
 [ 0.44769874]
 [ 0.39748955]
 [ 0.53974897]]
训练集上一个批次数据通过inference的前10个输出结果
 [[ 0.48876134]
 [ 0.48876134]
 [ 0.48876134]
 [ 0.48876134]
 [ 0.48876134]
 [ 0.48876134]
 [ 0.48876134]
 [ 0.48876134]
 [ 0.48876134]
 [ 0.48876134]]
测试集上一个批次数据中通过inference后的前10个输出结果
 [[ 0.48876134]
 [ 0.49311751]
 [ 0.48876134]
 [ 0.48876134]
 [ 0.48876134]
 [ 0.48876134]
 [ 0.48876134]
 [ 0.48876134]
 [ 0.48876134]
 [ 0.48876134]]

Generation 1000: test Loss = 0.00478
训练集上一个批次数据的前10个数据
 [[ 0.51046026]
 [ 0.47280335]
 [ 0.43096235]
 [ 0.53556484]
 [ 0.35983264]
 [ 0.43514645]
 [ 0.58577406]
 [ 0.54811716]
 [ 0.44769874]
 [ 0.49790794]]
测试集上一个批次数据的前10个数据
 [[ 0.48953974]
 [ 0.52301258]
 [ 0.29707113]
 [ 0.51464432]
 [ 0.49372384]
 [ 0.48535565]
 [ 0.48953974]
 [ 0.49790794]
 [ 0.45606694]
 [ 0.47698745]]
训练集上一个批次数据通过inference的前10个输出结果
 [[ 0.49120164]
 [ 0.49120164]
 [ 0.51525289]
 [ 0.49120164]
 [ 0.49120164]
 [ 0.49120164]
 [ 0.49120164]
 [ 0.49120164]
 [ 0.49120164]
 [ 0.49120164]]
 20%|        | 1000/5000 [06:36<1:24:01,  1.26s/it]测试集上一个批次数据中通过inference后的前10个输出结果
 [[ 0.49120164]
 [ 0.49120164]
 [ 0.49120164]
 [ 0.49120164]
 [ 0.49120164]
 [ 0.49120164]
 [ 0.49120164]
 [ 0.49120164]
 [ 0.49120164]
 [ 0.49120164]]

Generation 1500: test Loss = 0.00427
训练集上一个批次数据的前10个数据
 [[ 0.56066948]
 [ 0.43933055]
 [ 0.59414226]
 [ 0.44769874]
 [ 0.49372384]
 [ 0.59414226]
 [ 0.41422594]
 [ 0.54811716]
 [ 0.50209206]
 [ 0.48953974]]
测试集上一个批次数据的前10个数据
 [[ 0.45188284]
 [ 0.35146442]
 [ 0.52301258]
 [ 0.45606694]
 [ 0.39748955]
 [ 0.51046026]
 [ 0.51464432]
 [ 0.53556484]
 [ 0.38493723]
 [ 0.59414226]]
训练集上一个批次数据通过inference的前10个输出结果
 [[ 0.49208438]
 [ 0.49208438]
 [ 0.49208438]
 [ 0.49208438]
 [ 0.49208438]
 [ 0.49208438]
 [ 0.49208438]
 [ 0.49208438]
 [ 0.49208438]
 [ 0.4869085 ]]
 30%|       | 1500/5000 [09:56<1:15:08,  1.29s/it]测试集上一个批次数据中通过inference后的前10个输出结果
 [[ 0.49208438]
 [ 0.4908368 ]
 [ 0.49208438]
 [ 0.49208438]
 [ 0.49208438]
 [ 0.49208438]
 [ 0.49208438]
 [ 0.49208438]
 [ 0.49208438]
 [ 0.49208438]]

Generation 2000: test Loss = 0.00460
训练集上一个批次数据的前10个数据
 [[ 0.49372384]
 [ 0.46861926]
 [ 0.48535565]
 [ 0.52301258]
 [ 0.43096235]
 [ 0.48117155]
 [ 0.36820084]
 [ 0.48953974]
 [ 0.39748955]
 [ 0.69456065]]
测试集上一个批次数据的前10个数据
 [[ 0.46861926]
 [ 0.51464432]
 [ 0.53138077]
 [ 0.51046026]
 [ 0.46861926]
 [ 0.42259413]
 [ 0.48535565]
 [ 0.53974897]
 [ 0.44769874]
 [ 0.50627613]]
训练集上一个批次数据通过inference的前10个输出结果
 [[ 0.56434345]
 [ 0.48502576]
 [ 0.48502576]
 [ 0.48502576]
 [ 0.48502576]
 [ 0.6074537 ]
 [ 0.48502576]
 [ 0.48502576]
 [ 0.48502576]
 [ 0.48502576]]
测试集上一个批次数据中通过inference后的前10个输出结果
 [[ 0.48502576]
 [ 0.51182222]
 [ 0.48502576]
 [ 0.48502576]
 [ 0.48502576]
 [ 0.48502576]
 [ 0.48502576]
 [ 0.48502576]
 [ 0.63048244]
 [ 0.48502576]]

Generation 2500: test Loss = 0.00491
 50%|     | 2500/5000 [16:53<57:38,  1.38s/it]训练集上一个批次数据的前10个数据
 [[ 0.48117155]
 [ 0.48953974]
 [ 0.43514645]
 [ 0.41422594]
 [ 0.35983264]
 [ 0.41841003]
 [ 0.54811716]
 [ 0.42677826]
 [ 0.50209206]
 [ 0.42259413]]
测试集上一个批次数据的前10个数据
 [[ 0.53138077]
 [ 0.41841003]
 [ 0.45606694]
 [ 0.48535565]
 [ 0.43514645]
 [ 0.45188284]
 [ 0.49790794]
 [ 0.46443516]
 [ 0.58995813]
 [ 0.62343097]]
训练集上一个批次数据通过inference的前10个输出结果
 [[ 0.55660444]
 [ 0.42892376]
 [ 0.51721168]
 [ 0.50437897]
 [ 0.53399837]
 [ 0.49294841]
 [ 0.54070443]
 [ 0.57869226]
 [ 0.50876731]
 [ 0.55254585]]
测试集上一个批次数据中通过inference后的前10个输出结果
 [[ 0.42172414]
 [ 0.4663178 ]
 [ 0.5062573 ]
 [ 0.42002714]
 [ 0.50166672]
 [ 0.42590815]
 [ 0.50018734]
 [ 0.50049198]
 [ 0.50892496]
 [ 0.49037755]]

Generation 3000: test Loss = 0.00319
训练集上一个批次数据的前10个数据
 [[ 0.28870293]
 [ 0.48117155]
 [ 0.51464432]
 [ 0.52719665]
 [ 0.40585774]
 [ 0.42259413]
 [ 0.52301258]
 [ 0.49790794]
 [ 0.53138077]
 [ 0.46025103]]
测试集上一个批次数据的前10个数据
 [[ 0.55648535]
 [ 0.39748955]
 [ 0.52719665]
 [ 0.45606694]
 [ 0.55230123]
 [ 0.48953974]
 [ 0.46025103]
 [ 0.49372384]
 [ 0.42259413]
 [ 0.49790794]]
训练集上一个批次数据通过inference的前10个输出结果
 [[ 0.51854062]
 [ 0.53632563]
 [ 0.51772428]
 [ 0.46628219]
 [ 0.42543104]
 [ 0.48408636]
 [ 0.44862783]
 [ 0.4699887 ]
 [ 0.42669046]
 [ 0.57373828]]
测试集上一个批次数据中通过inference后的前10个输出结果
 [[ 0.53574342]
 [ 0.53447366]
 [ 0.4746595 ]
 [ 0.49604052]
 [ 0.49814814]
 [ 0.57295465]
 [ 0.49531895]
 [ 0.50553095]
 [ 0.5234797 ]
 [ 0.51909643]]

Generation 3500: test Loss = 0.00352
训练集上一个批次数据的前10个数据
 [[ 0.65271968]
 [ 0.54811716]
 [ 0.49790794]
 [ 0.45188284]
 [ 0.43514645]
 [ 0.55230123]
 [ 0.53556484]
 [ 0.50627613]
 [ 0.48953974]
 [ 0.52301258]]
测试集上一个批次数据的前10个数据
 [[ 0.45606694]
 [ 0.54393303]
 [ 0.52719665]
 [ 0.44769874]
 [ 0.48953974]
 [ 0.67782426]
 [ 0.49372384]
 [ 0.44769874]
 [ 0.42677826]
 [ 0.48535565]]
训练集上一个批次数据通过inference的前10个输出结果
 [[ 0.40152463]
 [ 0.54551029]
 [ 0.56008017]
 [ 0.44835761]
 [ 0.52157581]
 [ 0.5297299 ]
 [ 0.4765147 ]
 [ 0.52701676]
 [ 0.4866367 ]
 [ 0.49101311]]
测试集上一个批次数据中通过inference后的前10个输出结果
 70%|   | 3500/5000 [23:48<37:04,  1.48s/it]
 [[ 0.39198741]
 [ 0.51245868]
 [ 0.44289467]
 [ 0.42288589]
 [ 0.54612589]
 [ 0.48638242]
 [ 0.46823347]
 [ 0.49056911]
 [ 0.49098778]
 [ 0.43072778]]
Generation 4000: test Loss = 0.00456
训练集上一个批次数据的前10个数据
 [[ 0.50627613]
 [ 0.53974897]
 [ 0.51882845]
 [ 0.53974897]
 [ 0.50209206]
 [ 0.43096235]
 [ 0.46443516]
 [ 0.52719665]
 [ 0.35564855]
 [ 0.56066948]]
测试集上一个批次数据的前10个数据
 [[ 0.49372384]
 [ 0.59832639]
 [ 0.55230123]
 [ 0.52719665]
 [ 0.51882845]
 [ 0.54393303]
 [ 0.48535565]
 [ 0.54811716]
 [ 0.53138077]
 [ 0.51046026]]
训练集上一个批次数据通过inference的前10个输出结果
 [[ 0.52088809]
 [ 0.4542149 ]
 [ 0.59034741]
 [ 0.50923872]
 [ 0.46559706]
 [ 0.41591391]
 [ 0.48899555]
 [ 0.58981943]
 [ 0.53181893]
 [ 0.55183125]]
测试集上一个批次数据中通过inference后的前10个输出结果
 [[ 0.55264026]
 [ 0.54415452]
 [ 0.56455261]
 [ 0.53933495]
 [ 0.51729   ]
 [ 0.55539966]
 [ 0.52285093]
 [ 0.56910652]
 [ 0.53880137]
 [ 0.50952876]]

Generation 4500: test Loss = 0.00388
训练集上一个批次数据的前10个数据
 [[ 0.54393303]
 [ 0.54393303]
 [ 0.48535565]
 [ 0.54393303]
 [ 0.49372384]
 [ 0.54393303]
 [ 0.51882845]
 [ 0.48117155]
 [ 0.44351465]
 [ 0.41004184]]
测试集上一个批次数据的前10个数据
 [[ 0.49372384]
 [ 0.58158994]
 [ 0.62761503]
 [ 0.53974897]
 [ 0.46025103]
 [ 0.51464432]
 [ 0.47280335]
 [ 0.46025103]
 [ 0.32635984]
 [ 0.37656903]]
训练集上一个批次数据通过inference的前10个输出结果
 [[ 0.47339827]
 [ 0.43992823]
 [ 0.3885543 ]
 [ 0.43930545]
 [ 0.43689835]
 [ 0.50433832]
 [ 0.54230362]
 [ 0.53990698]
 [ 0.61098963]
 [ 0.46707994]]
 90%| | 4500/5000 [30:47<13:02,  1.57s/it]测试集上一个批次数据中通过inference后的前10个输出结果
 [[ 0.47310683]
 [ 0.49418557]
 [ 0.4877148 ]
 [ 0.438831  ]
 [ 0.50756198]
 [ 0.43795878]
 [ 0.49079683]
 [ 0.49527577]
 [ 0.525334  ]
 [ 0.50198269]]

Generation 5000: test Loss = 0.00388
训练集上一个批次数据的前10个数据
 [[ 0.56903768]
 [ 0.51464432]
 [ 0.52719665]
 [ 0.60669458]
 [ 0.44769874]
 [ 0.50209206]
 [ 0.48117155]
 [ 0.56485355]
 [ 0.57322174]
 [ 0.53556484]]
测试集上一个批次数据的前10个数据
 [[ 0.51046026]
 [ 0.46025103]
 [ 0.55648535]
 [ 0.50627613]
 [ 0.49790794]
 [ 0.48535565]
 [ 0.48535565]
 [ 0.51882845]
 [ 0.48535565]
 [ 0.44351465]]
训练集上一个批次数据通过inference的前10个输出结果
 [[ 0.55690372]
 [ 0.49256715]
 [ 0.46468696]
 [ 0.49405751]
 [ 0.49011001]
 [ 0.43582517]
 [ 0.51249278]
 [ 0.37218207]
 [ 0.52512068]
 [ 0.53903461]]
测试集上一个批次数据中通过inference后的前10个输出结果
 [[ 0.47599185]
100%|| 5000/5000 
[34:24<00:00,  1.60s/it]
 [ 0.45029724]
 [ 0.54243445]
 [ 0.50634193]
 [ 0.44088966]
 [ 0.46097043]
 [ 0.41017076]
 [ 0.46342134]
 [ 0.52988249]
 [ 0.49061382]]