Generation 500: test Loss = 0.00488
训练集上一个批次数据的前10个数据
 [[ 0.50627613]
 [ 0.42677826]
 [ 0.42677826]
 [ 0.46025103]
 [ 0.48953974]
 [ 0.51464432]
 [ 0.49372384]
 [ 0.52719665]
 [ 0.50209206]
 [ 0.40585774]]
测试集上一个批次数据的前10个数据
 [[ 0.58577406]
 [ 0.55648535]
 [ 0.47280335]
 [ 0.53556484]
 [ 0.55648535]
 [ 0.53138077]
 [ 0.49790794]
 [ 0.50209206]
 [ 0.46025103]
 [ 0.59414226]]
训练集上一个批次数据通过inference的前10个输出结果
 [[ 0.48486099]
 [ 0.48486099]
 [ 0.48486099]
 [ 0.48486099]
 [ 0.48486099]
 [ 0.48486099]
 [ 0.48486099]
 [ 0.48486099]
 [ 0.48486099]
 [ 0.48486099]]
  3%|         | 500/15000 [04:02<5:51:36,  1.45s/it]测试集上一个批次数据中通过inference后的前10个输出结果
 [[ 0.48486099]
 [ 0.48486099]
 [ 0.48486099]
 [ 0.48486099]
 [ 0.48486099]
 [ 0.48486099]
 [ 0.48486099]
 [ 0.48486099]
 [ 0.48486099]
 [ 0.48486099]]

Generation 1000: test Loss = 0.00459
训练集上一个批次数据的前10个数据
 [[ 0.41841003]
 [ 0.41422594]
 [ 0.46861926]
 [ 0.50627613]
 [ 0.49372384]
 [ 0.53974897]
 [ 0.41841003]
 [ 0.54393303]
 [ 0.52301258]
 [ 0.60669458]]
测试集上一个批次数据的前10个数据
 [[ 0.56485355]
 [ 0.53556484]
 [ 0.50627613]
 [ 0.53974897]
 [ 0.53974897]
 [ 0.47698745]
 [ 0.52301258]
 [ 0.58577406]
 [ 0.53974897]
 [ 0.58995813]]
训练集上一个批次数据通过inference的前10个输出结果
 [[ 0.48365119]
 [ 0.48365119]
 [ 0.48365119]
 [ 0.48365119]
 [ 0.48365119]
 [ 0.48365119]
 [ 0.48365119]
 [ 0.48365119]
 [ 0.48365119]
 [ 0.48365119]]
  7%|         | 1000/15000 [08:09<5:29:38,  1.41s/it]测试集上一个批次数据中通过inference后的前10个输出结果
 [[ 0.48365119]
 [ 0.48365119]
 [ 0.48365119]
 [ 0.48365119]
 [ 0.48365119]
 [ 0.48365119]
 [ 0.48365119]
 [ 0.48365119]
 [ 0.48365119]
 [ 0.48365119]]

Generation 1500: test Loss = 0.00423
训练集上一个批次数据的前10个数据
 [[ 0.45188284]
 [ 0.52301258]
 [ 0.58577406]
 [ 0.40167364]
 [ 0.46443516]
 [ 0.50209206]
 [ 0.49372384]
 [ 0.50209206]
 [ 0.48535565]
 [ 0.44769874]]
测试集上一个批次数据的前10个数据
 [[ 0.42259413]
 [ 0.45188284]
 [ 0.65690374]
 [ 0.39748955]
 [ 0.52719665]
 [ 0.41422594]
 [ 0.53556484]
 [ 0.46025103]
 [ 0.66527194]
 [ 0.51464432]]
训练集上一个批次数据通过inference的前10个输出结果
 [[ 0.49475864]
 [ 0.49475864]
 [ 0.49475864]
 [ 0.50789493]
 [ 0.49475864]
 [ 0.49475864]
 [ 0.49475864]
 [ 0.49475864]
 [ 0.49475864]
 [ 0.49475864]]
 10%|         | 1500/15000 [12:18<5:35:13,  1.49s/it]测试集上一个批次数据中通过inference后的前10个输出结果
 [[ 0.49475864]
 [ 0.49475864]
 [ 0.49475864]
 [ 0.49475864]
 [ 0.49475864]
 [ 0.49475864]
 [ 0.49475864]
 [ 0.51580203]
 [ 0.49475864]
 [ 0.49475864]]

Generation 2000: test Loss = 0.00418
训练集上一个批次数据的前10个数据
 [[ 0.48117155]
 [ 0.30125523]
 [ 0.51882845]
 [ 0.41841003]
 [ 0.57322174]
 [ 0.55648535]
 [ 0.48953974]
 [ 0.51464432]
 [ 0.53556484]
 [ 0.53138077]]
测试集上一个批次数据的前10个数据
 [[ 0.38075313]
 [ 0.51464432]
 [ 0.81589961]
 [ 0.46025103]
 [ 0.48117155]
 [ 0.53974897]
 [ 0.39748955]
 [ 0.50209206]
 [ 0.51046026]
 [ 0.48953974]]
训练集上一个批次数据通过inference的前10个输出结果
 [[ 0.48616391]
 [ 0.48616391]
 [ 0.48616391]
 [ 0.48616391]
 [ 0.48616391]
 [ 0.48616391]
 [ 0.48616391]
 [ 0.48616391]
 [ 0.48616391]
 [ 0.48616391]]
测试集上一个批次数据中通过inference后的前10个输出结果
 [[ 0.55253077]
 [ 0.48616391]
 [ 0.48616391]
 [ 0.48616391]
 [ 0.48616391]
 [ 0.54030657]
 [ 0.48616391]
 [ 0.48616391]
 [ 0.48616391]
 [ 0.48616391]]

Generation 2500: test Loss = 0.00393
训练集上一个批次数据的前10个数据
 [[ 0.54811716]
 [ 0.35564855]
 [ 0.52301258]
 [ 0.40585774]
 [ 0.46025103]
 [ 0.45188284]
 [ 0.55230123]
 [ 0.42259413]
 [ 0.52301258]
 [ 0.44769874]]
测试集上一个批次数据的前10个数据
 [[ 0.67782426]
 [ 0.56903768]
 [ 0.68200839]
 [ 0.58577406]
 [ 0.49372384]
 [ 0.44769874]
 [ 0.53974897]
 [ 0.49372384]
 [ 0.51464432]
 [ 0.53556484]]
训练集上一个批次数据通过inference的前10个输出结果
 [[ 0.4909592]
 [ 0.4909592]
 [ 0.4909592]
 [ 0.4909592]
 [ 0.4909592]
 [ 0.4909592]
 [ 0.4909592]
 [ 0.4909592]
 [ 0.4909592]
 [ 0.4909592]]
 17%|        | 2500/15000 [20:39<5:21:56,  1.55s/it]测试集上一个批次数据中通过inference后的前10个输出结果
 [[ 0.4909592]
 [ 0.4909592]
 [ 0.4909592]
 [ 0.4909592]
 [ 0.4909592]
 [ 0.4909592]
 [ 0.4909592]
 [ 0.4909592]
 [ 0.4909592]
 [ 0.4909592]]

Generation 3000: test Loss = 0.00412
训练集上一个批次数据的前10个数据
 [[ 0.55230123]
 [ 0.46861926]
 [ 0.46861926]
 [ 0.41841003]
 [ 0.50627613]
 [ 0.52301258]
 [ 0.57322174]
 [ 0.47280335]
 [ 0.54393303]
 [ 0.45606694]]
测试集上一个批次数据的前10个数据
 [[ 0.43933055]
 [ 0.38493723]
 [ 0.53138077]
 [ 0.47280335]
 [ 0.43096235]
 [ 0.46861926]
 [ 0.44351465]
 [ 0.54393303]
 [ 0.46861926]
 [ 0.53556484]]
 20%|        | 3000/15000 [24:55<5:18:15,  1.59s/it]训练集上一个批次数据通过inference的前10个输出结果
 [[ 0.49179319]
 [ 0.49179319]
 [ 0.49179319]
 [ 0.49179319]
 [ 0.49179319]
 [ 0.49179319]
 [ 0.49179319]
 [ 0.49179319]
 [ 0.49179319]
 [ 0.49179319]]
测试集上一个批次数据中通过inference后的前10个输出结果
 [[ 0.49179319]
 [ 0.49179319]
 [ 0.49179319]
 [ 0.49179319]
 [ 0.52943283]
 [ 0.49179319]
 [ 0.49179319]
 [ 0.49179319]
 [ 0.49179319]
 [ 0.49179319]]