Generation 1000: test Loss = 0.00795
训练集上一个批次数据的前10个数据
 [[ 0.46025103]
 [ 0.52719665]
 [ 0.58577406]
 [ 0.53138077]
 [ 0.40167364]
 [ 0.39330545]
 [ 0.58158994]
 [ 0.55230123]
 [ 0.49372384]
 [ 0.56485355]]
测试集上一个批次数据的前10个数据
 [[ 0.55648535]
 [ 0.53138077]
 [ 0.51882845]
 [ 0.51046026]
 [ 0.53138077]
 [ 0.42677826]
 [ 0.53556484]
 [ 0.48953974]
 [ 0.45188284]
 [ 0.46443516]]
训练集上一个批次数据通过inference的前10个输出结果
 [[ 0.50309086]
 [ 0.49240908]
 [ 0.45351779]
 [ 0.49282321]
 [ 0.49129391]
 [ 0.45595264]
 [ 0.45627066]
 [ 0.5496605 ]
 [ 0.51841855]
 [ 0.55722117]]
 20%|        | 1000/5000 [06:40<1:22:22,  1.24s/it]测试集上一个批次数据中通过inference后的前10个输出结果
 [[ 0.47793114]
 [ 0.5145362 ]
 [ 0.49249434]
 [ 0.53434438]
 [ 0.44927856]
 [ 0.43648329]
 [ 0.50704539]
 [ 0.44524854]
 [ 0.5059768 ]
 [ 0.48053285]]

Generation 1500: test Loss = 0.00561
训练集上一个批次数据的前10个数据
 [[ 0.48117155]
 [ 0.52719665]
 [ 0.59414226]
 [ 0.43514645]
 [ 0.46861926]
 [ 0.38912135]
 [ 0.43096235]
 [ 0.58577406]
 [ 0.54811716]
 [ 0.53974897]]
测试集上一个批次数据的前10个数据
 [[ 0.47698745]
 [ 0.45188284]
 [ 0.58158994]
 [ 0.56485355]
 [ 0.50209206]
 [ 0.46025103]
 [ 0.55648535]
 [ 0.57322174]
 [ 0.47280335]
 [ 0.41004184]]
训练集上一个批次数据通过inference的前10个输出结果
 [[ 0.48990071]
 [ 0.42364535]
 [ 0.4272005 ]
 [ 0.50380218]
 [ 0.4743208 ]
 [ 0.55573028]
 [ 0.45379522]
 [ 0.45015481]
 [ 0.45559037]
 [ 0.5258581 ]]
测试集上一个批次数据中通过inference后的前10个输出结果
 [[ 0.40500244]
 [ 0.47616738]
 [ 0.48988158]
 [ 0.49600384]
 [ 0.51477921]
 [ 0.51887441]
 [ 0.51652664]
 [ 0.43793917]
 [ 0.49833411]
 [ 0.50128949]]

Generation 2000: test Loss = 0.00326
训练集上一个批次数据的前10个数据
 [[ 0.50209206]
 [ 0.41004184]
 [ 0.56066948]
 [ 0.51464432]
 [ 0.47698745]
 [ 0.43514645]
 [ 0.48117155]
 [ 0.43096235]
 [ 0.48953974]
 [ 0.48535565]]
测试集上一个批次数据的前10个数据
 [[ 0.51882845]
 [ 0.53138077]
 [ 0.50627613]
 [ 0.36401674]
 [ 0.48535565]
 [ 0.51464432]
 [ 0.52301258]
 [ 0.51046026]
 [ 0.38912135]
 [ 0.58577406]]
训练集上一个批次数据通过inference的前10个输出结果
 [[ 0.54507327]
 [ 0.47539735]
 [ 0.55483657]
 [ 0.60840446]
 [ 0.51736712]
 [ 0.54359835]
 [ 0.55053914]
 [ 0.43630567]
 [ 0.49536189]
 [ 0.40766242]]
测试集上一个批次数据中通过inference后的前10个输出结果
 [[ 0.53924412]
 [ 0.43424144]
 [ 0.49253938]
 [ 0.52607518]
 [ 0.4223935 ]
 [ 0.46023899]
 [ 0.50292635]
 [ 0.44583333]
 [ 0.50904936]
 [ 0.49228984]]

Generation 2500: test Loss = 0.00457
训练集上一个批次数据的前10个数据
 [[ 0.48535565]
 [ 0.48953974]
 [ 0.46861926]
 [ 0.52301258]
 [ 0.42259413]
 [ 0.49790794]
 [ 0.52301258]
 [ 0.42259413]
 [ 0.48535565]
 [ 0.48953974]]
测试集上一个批次数据的前10个数据
 [[ 0.53556484]
 [ 0.56903768]
 [ 0.46025103]
 [ 0.58577406]
 [ 0.57740587]
 [ 0.53138077]
 [ 0.45188284]
 [ 0.45606694]
 [ 0.53138077]
 [ 0.46861926]]
训练集上一个批次数据通过inference的前10个输出结果
 [[ 0.51330501]
 [ 0.52845228]
 [ 0.57590866]
 [ 0.47510043]
 [ 0.54372513]
 [ 0.43619177]
 [ 0.43209428]
 [ 0.52337861]
 [ 0.49746197]
 [ 0.53109682]]
 50%|     | 2500/5000 [16:55<57:22,  1.38s/it]测试集上一个批次数据中通过inference后的前10个输出结果
 [[ 0.52393794]
 [ 0.48546419]
 [ 0.48833972]
 [ 0.46823746]
 [ 0.45763052]
 [ 0.50101298]
 [ 0.45014548]
 [ 0.44247654]
 [ 0.51223379]
 [ 0.38600072]]


Generation 3000: test Loss = 0.00359
训练集上一个批次数据的前10个数据
 [[ 0.53556484]
 [ 0.41422594]
 [ 0.37656903]
 [ 0.60251045]
 [ 0.37656903]
 [ 0.57322174]
 [ 0.36820084]
 [ 0.47698745]
 [ 0.52719665]
 [ 0.59414226]]
测试集上一个批次数据的前10个数据
 [[ 0.44769874]
 [ 0.51882845]
 [ 0.52719665]
 [ 0.48117155]
 [ 0.54811716]
 [ 0.48953974]
 [ 0.44769874]
 [ 0.56485355]
 [ 0.56066948]
 [ 0.62761503]]
训练集上一个批次数据通过inference的前10个输出结果
 [[ 0.44261482]
 [ 0.49234593]
 [ 0.42283654]
 [ 0.45313525]
 [ 0.52492607]
 [ 0.48574692]
 [ 0.48693562]
 [ 0.5164302 ]
 [ 0.53640896]
 [ 0.43099797]]
测试集上一个批次数据中通过inference后的前10个输出结果
 [[ 0.50246203]
 [ 0.49094474]
 [ 0.39856026]
 [ 0.5714317 ]
 [ 0.53877354]
 [ 0.47917026]
 [ 0.47296432]
 [ 0.47866076]
 [ 0.46403995]
 [ 0.44302341]]



Generation 4500: test Loss = 0.00287
训练集上一个批次数据的前10个数据
 [[ 0.46025103]
 [ 0.51464432]
 [ 0.48953974]
 [ 0.38912135]
 [ 0.43514645]
 [ 0.50627613]
 [ 0.46861926]
 [ 0.42677826]
 [ 0.53974897]
 [ 0.55648535]]
测试集上一个批次数据的前10个数据
 [[ 0.47280335]
 [ 0.46861926]
 [ 0.59832639]
 [ 0.49372384]
 [ 0.58158994]
 [ 0.43514645]
 [ 0.43514645]
 [ 0.53974897]
 [ 0.49372384]
 [ 0.49790794]]
训练集上一个批次数据通过inference的前10个输出结果
 [[ 0.45269179]
 [ 0.55938685]
 [ 0.5017159 ]
 [ 0.43974382]
 [ 0.50431973]
 [ 0.54076785]
 [ 0.58293641]
 [ 0.4279398 ]
 [ 0.42360389]
 [ 0.45146856]]
 90%| | 4500/5000 [30:40<14:15,  1.71s/it]测试集上一个批次数据中通过inference后的前10个输出结果
 [[ 0.59815681]
 [ 0.51292133]
 [ 0.50099528]
 [ 0.44828546]
 [ 0.54239595]
 [ 0.47920084]
 [ 0.53527468]
 [ 0.4494504 ]
 [ 0.48476824]
 [ 0.47829324]]


100%|| 4999/5000 [34:11<00:00,  2.77it/s]Generation 5000: train Loss = 0.00231
Generation 5000: test Loss = 0.00554
训练集上一个批次数据的前10个数据
 [[ 0.57322174]
 [ 0.57740587]
 [ 0.51464432]
 [ 0.41422594]
 [ 0.48117155]
 [ 0.47280335]
 [ 0.51464432]
 [ 0.42677826]
 [ 0.39748955]
 [ 0.52301258]]
测试集上一个批次数据的前10个数据
 [[ 0.48953974]
 [ 0.52719665]
 [ 0.46025103]
 [ 0.53138077]
 [ 0.47280335]
 [ 0.50627613]
 [ 0.53556484]
 [ 0.58577406]
 [ 0.46025103]
 [ 0.58158994]]
训练集上一个批次数据通过inference的前10个输出结果
 [[ 0.53102672]
 [ 0.50651091]
 [ 0.45889318]
 [ 0.48242846]
 [ 0.50205624]
 [ 0.51417267]
 [ 0.44125223]
 [ 0.41852409]
 [ 0.51227653]
 [ 0.49356711]]
100%|| 5000/5000 [34:15<00:00,  1.65s/it]
测试集上一个批次数据中通过inference后的前10个输出结果
 [[ 0.50023276]
 [ 0.49507564]
 [ 0.43864065]
 [ 0.52674145]
 [ 0.36721644]
 [ 0.42540684]
 [ 0.45785892]
 [ 0.48508561]
 [ 0.43793812]
 [ 0.58566684]]
