Generation 4500: test Loss = 0.00305
训练集上一个批次数据的前10个数据
 [[ 0.34309623]
 [ 0.41841003]
 [ 0.53974897]
 [ 0.47280335]
 [ 0.57740587]
 [ 0.50209206]
 [ 0.51046026]
 [ 0.51882845]
 [ 0.42677826]
 [ 0.48953974]]
测试集上一个批次数据的前10个数据
 [[ 0.55230123]
 [ 0.46025103]
 [ 0.45188284]
 [ 0.48117155]
 [ 0.51046026]
 [ 0.37238494]
 [ 0.33054394]
 [ 0.35564855]
 [ 0.48117155]
 [ 0.51046026]]
训练集上一个批次数据通过inference的前10个输出结果
 [[ 0.46879092]
 [ 0.5240832 ]
 [ 0.55248666]
 [ 0.51669562]
 [ 0.45115948]
 [ 0.55791175]
 [ 0.50894481]
 [ 0.49509609]
 [ 0.53482336]
 [ 0.55228657]]
测试集上一个批次数据中通过inference后的前10个输出结果
 [[ 0.46437743]
 [ 0.55791175]
 [ 0.4932093 ]
 [ 0.55791175]
 [ 0.55354935]
 [ 0.49681419]
 [ 0.55791175]
 [ 0.55125988]
 [ 0.53098476]
 [ 0.52849501]]


Generation 5000: test Loss = 0.00309
训练集上一个批次数据的前10个数据
 [[ 0.37656903]
 [ 0.53138077]
 [ 0.46443516]
 [ 0.48117155]
 [ 0.49790794]
 [ 0.48117155]
 [ 0.48117155]
 [ 0.57322174]
 [ 0.42677826]
 [ 0.43096235]]
测试集上一个批次数据的前10个数据
 [[ 0.43096235]
 [ 0.49790794]
 [ 0.47698745]
 [ 0.53138077]
 [ 0.59832639]
 [ 0.49790794]
 [ 0.41841003]
 [ 0.56485355]
 [ 0.47698745]
 [ 0.51046026]]
训练集上一个批次数据通过inference的前10个输出结果
 [[ 0.50497675]
 [ 0.5465126 ]
 [ 0.46303877]
 [ 0.51149637]
 [ 0.40680513]
 [ 0.46986115]
 [ 0.54133928]
 [ 0.48635173]
 [ 0.46294993]
 [ 0.54604369]]
测试集上一个批次数据中通过inference后的前10个输出结果
 33%|      | 5000/15000 [23:16<4:14:56,  1.53s/it]
 [[ 0.47594905]
 [ 0.43012205]
 [ 0.4734374 ]
 [ 0.52022803]
 [ 0.51559502]
 [ 0.44049627]
 [ 0.53825414]
 [ 0.54427618]
 [ 0.36107564]
 [ 0.55533201]]

Generation 5500: test Loss = 0.00674
训练集上一个批次数据的前10个数据
 [[ 0.49790794]
 [ 0.54393303]
 [ 0.45606694]
 [ 0.51882845]
 [ 0.51464432]
 [ 0.53974897]
 [ 0.47698745]
 [ 0.52301258]
 [ 0.47280335]
 [ 0.58577406]]
测试集上一个批次数据的前10个数据
 [[ 0.59414226]
 [ 0.57740587]
 [ 0.53974897]
 [ 0.56903768]
 [ 0.40585774]
 [ 0.53556484]
 [ 0.46861926]
 [ 0.46025103]
 [ 0.49790794]
 [ 0.47698745]]
训练集上一个批次数据通过inference的前10个输出结果
 [[ 0.50659442]
 [ 0.36962345]
 [ 0.48818931]
 [ 0.45858335]
 [ 0.39918953]
 [ 0.54510188]
 [ 0.55648333]
 [ 0.51293987]
 [ 0.36458692]
 [ 0.50441527]]
测试集上一个批次数据中通过inference后的前10个输出结果
 [[ 0.35343865]
 [ 0.53584671]
 [ 0.44745544]
 [ 0.37959886]
 [ 0.43132639]
 [ 0.38777584]
 [ 0.47545439]
 [ 0.48068148]
 [ 0.49841377]
 [ 0.47889611]]

Generation 6000: test Loss = 0.00374
训练集上一个批次数据的前10个数据
 [[ 0.49372384]
 [ 0.48535565]
 [ 0.52719665]
 [ 0.48535565]
 [ 0.57322174]
 [ 0.49372384]
 [ 0.55230123]
 [ 0.57322174]
 [ 0.49372384]
 [ 0.34309623]]
测试集上一个批次数据的前10个数据
 [[ 0.53138077]
 [ 0.49372384]
 [ 0.48117155]
 [ 0.40167364]
 [ 0.51882845]
 [ 0.47280335]
 [ 0.54811716]
 [ 0.62761503]
 [ 0.49372384]
 [ 0.51464432]]
训练集上一个批次数据通过inference的前10个输出结果
 [[ 0.47289461]
 [ 0.52291602]
 [ 0.42287993]
 [ 0.43177259]
 [ 0.52261508]
 [ 0.44348487]
 [ 0.49535847]
 [ 0.44660878]
 [ 0.46319175]
 [ 0.47962302]]
测试集上一个批次数据中通过inference后的前10个输出结果
 [[ 0.48989955]
 [ 0.45477414]
 [ 0.49956918]
 [ 0.48777807]
 [ 0.4755891 ]
 [ 0.45239159]
 [ 0.51165259]
 [ 0.50286418]
 [ 0.38166475]
 [ 0.54900748]]

Generation 7500: test Loss = 0.00185
训练集上一个批次数据的前10个数据
 [[ 0.38493723]
 [ 0.53974897]
 [ 0.38493723]
 [ 0.34309623]
 [ 0.38912135]
 [ 0.46861926]
 [ 0.44769874]
 [ 0.47698745]
 [ 0.35983264]
 [ 0.39748955]]
测试集上一个批次数据的前10个数据
 [[ 0.55648535]
 [ 0.39330545]
 [ 0.51882845]
 [ 0.50627613]
 [ 0.47698745]
 [ 0.55648535]
 [ 0.46861926]
 [ 0.43514645]
 [ 0.54811716]
 [ 0.43096235]]
训练集上一个批次数据通过inference的前10个输出结果
 [[ 0.44592583]
 [ 0.5641681 ]
 [ 0.57792258]
 [ 0.40083385]
 [ 0.49100074]
 [ 0.52199715]
 [ 0.46029362]
 [ 0.49624401]
 [ 0.47001866]
 [ 0.57792258]]
 50%|     | 7500/15000 [35:21<3:20:09,  1.60s/it]测试集上一个批次数据中通过inference后的前10个输出结果
 [[ 0.57492179]
 [ 0.48239741]
 [ 0.5009923 ]
 [ 0.39823323]
 [ 0.57792258]
 [ 0.50952315]
 [ 0.5063374 ]
 [ 0.50848305]
 [ 0.5007441 ]
 [ 0.57792258]]


Generation 8000: test Loss = 0.00360
训练集上一个批次数据的前10个数据
 [[ 0.53974897]
 [ 0.47280335]
 [ 0.45606694]
 [ 0.53138077]
 [ 0.51464432]
 [ 0.49790794]
 [ 0.38075313]
 [ 0.44769874]
 [ 0.48117155]
 [ 0.58577406]]
测试集上一个批次数据的前10个数据
 [[ 0.56066948]
 [ 0.35983264]
 [ 0.59414226]
 [ 0.56066948]
 [ 0.56485355]
 [ 0.38075313]
 [ 0.59832639]
 [ 0.48953974]
 [ 0.48117155]
 [ 0.53556484]]
训练集上一个批次数据通过inference的前10个输出结果
 [[ 0.34338099]
 [ 0.48416632]
 [ 0.54800761]
 [ 0.5365817 ]
 [ 0.41685832]
 [ 0.38546434]
 [ 0.48211831]
 [ 0.48763525]
 [ 0.45402664]
 [ 0.42894623]]
测试集上一个批次数据中通过inference后的前10个输出结果
 [[ 0.54800761]
 [ 0.53098416]
 [ 0.46204937]
 [ 0.43748289]
 [ 0.47385037]
 [ 0.44745463]
 [ 0.35148457]
 [ 0.48534602]
 [ 0.47277007]
 [ 0.54800761]]

Generation 8500: test Loss = 0.00235
训练集上一个批次数据的前10个数据
 [[ 0.50627613]
 [ 0.59414226]
 [ 0.46443516]
 [ 0.47280335]
 [ 0.40167364]
 [ 0.42677826]
 [ 0.61924684]
 [ 0.46861926]
 [ 0.47280335]
 [ 0.46861926]]
测试集上一个批次数据的前10个数据
 [[ 0.54811716]
 [ 0.48535565]
 [ 0.53556484]
 [ 0.45606694]
 [ 0.46443516]
 [ 0.46861926]
 [ 0.52301258]
 [ 0.51464432]
 [ 0.47280335]
 [ 0.52719665]]
训练集上一个批次数据通过inference的前10个输出结果
 [[ 0.46323061]
 [ 0.50929898]
 [ 0.5422982 ]
 [ 0.51711154]
 [ 0.43852884]
 [ 0.55880976]
 [ 0.51130813]
 [ 0.56253201]
 [ 0.37514937]
 [ 0.48803291]]
测试集上一个批次数据中通过inference后的前10个输出结果
 [[ 0.51408577]
 [ 0.51976115]
 [ 0.56487542]
 [ 0.46433949]
 [ 0.46571124]
 [ 0.59077495]
 [ 0.50790781]
 [ 0.46481711]
 [ 0.52515566]
 [ 0.52576959]]

Generation 9000: test Loss = 0.00344
训练集上一个批次数据的前10个数据
 [[ 0.52719665]
 [ 0.47280335]
 [ 0.53556484]
 [ 0.52301258]
 [ 0.52301258]
 [ 0.32217574]
 [ 0.41004184]
 [ 0.48535565]
 [ 0.57740587]
 [ 0.55648535]]
测试集上一个批次数据的前10个数据
 [[ 0.54393303]
 [ 0.43933055]
 [ 0.49372384]
 [ 0.51882845]
 [ 0.51882845]
 [ 0.40585774]
 [ 0.45606694]
 [ 0.46443516]
 [ 0.49372384]
 [ 0.44351465]]
训练集上一个批次数据通过inference的前10个输出结果
 [[ 0.41096354]
 [ 0.47691783]
 [ 0.43503493]
 [ 0.49671245]
 [ 0.48064512]
 [ 0.49665469]
 [ 0.41467005]
 [ 0.4690035 ]
 [ 0.45572519]
 [ 0.46273801]]
测试集上一个批次数据中通过inference后的前10个输出结果
 [[ 0.44497555]
 [ 0.43699306]
 [ 0.51738167]
 [ 0.49181706]
 [ 0.35176694]
 [ 0.43764442]
 [ 0.40654087]
 [ 0.38898203]
 [ 0.47503158]
 [ 0.50859952]]

Generation 9500: test Loss = 0.00238
训练集上一个批次数据的前10个数据
 [[ 0.51464432]
 [ 0.58995813]
 [ 0.50209206]
 [ 0.44769874]
 [ 0.48535565]
 [ 0.49790794]
 [ 0.47280335]
 [ 0.49790794]
 [ 0.47698745]
 [ 0.69456065]]
测试集上一个批次数据的前10个数据
 [[ 0.61087865]
 [ 0.41422594]
 [ 0.49372384]
 [ 0.48117155]
 [ 0.56066948]
 [ 0.48953974]
 [ 0.39330545]
 [ 0.51464432]
 [ 0.57740587]
 [ 0.43933055]]
训练集上一个批次数据通过inference的前10个输出结果
 [[ 0.49288607]
 [ 0.52674001]
 [ 0.55054224]
 [ 0.56680506]
 [ 0.50065941]
 [ 0.49105778]
 [ 0.42540079]
 [ 0.53504121]
 [ 0.54497987]
 [ 0.51510006]]
测试集上一个批次数据中通过inference后的前10个输出结果
 [[ 0.41170585]
 [ 0.46638829]
 [ 0.56680506]
 [ 0.42062145]
 [ 0.45073563]
 [ 0.4966878 ]
 [ 0.4936403 ]
 [ 0.5289402 ]
 [ 0.45390368]
 [ 0.44736931]]


Generation 10000: test Loss = 0.00235
训练集上一个批次数据的前10个数据
 [[ 0.41841003]
 [ 0.56485355]
 [ 0.52301258]
 [ 0.41422594]
 [ 0.46443516]
 [ 0.44769874]
 [ 0.59414226]
 [ 0.48953974]
 [ 0.56903768]
 [ 0.53138077]]
测试集上一个批次数据的前10个数据
 [[ 0.46861926]
 [ 0.47280335]
 [ 0.46025103]
 [ 0.38912135]
 [ 0.57740587]
 [ 0.44769874]
 [ 0.46443516]
 [ 0.52301258]
 [ 0.56903768]
 [ 0.43514645]]
训练集上一个批次数据通过inference的前10个输出结果
 [[ 0.39534712]
 [ 0.42597812]
 [ 0.49830717]
 [ 0.46370289]
 [ 0.5425536 ]
 [ 0.48886481]
 [ 0.54711789]
 [ 0.486022  ]
 [ 0.58384955]
 [ 0.41232407]]
测试集上一个批次数据中通过inference后的前10个输出结果
 [[ 0.50818086]
 [ 0.41750106]
 [ 0.44415087]
 [ 0.58514762]
 [ 0.56578714]
 [ 0.52239448]
 [ 0.50685322]
 [ 0.51301926]
 [ 0.57568216]
 [ 0.47825354]]

Generation 10500: test Loss = 0.00648
训练集上一个批次数据的前10个数据
 [[ 0.59414226]
 [ 0.51464432]
 [ 0.49790794]
 [ 0.44351465]
 [ 0.45188284]
 [ 0.45188284]
 [ 0.52719665]
 [ 0.73640168]
 [ 0.39748955]
 [ 0.44769874]]
测试集上一个批次数据的前10个数据
 [[ 0.56066948]
 [ 0.51046026]
 [ 0.53556484]
 [ 0.53974897]
 [ 0.54393303]
 [ 0.48117155]
 [ 0.53974897]
 [ 0.50627613]
 [ 0.47280335]
 [ 0.35146442]]
训练集上一个批次数据通过inference的前10个输出结果
 [[ 0.38720945]
 [ 0.34484878]
 [ 0.4430995 ]
 [ 0.53425413]
 [ 0.48935574]
 [ 0.29981142]
 [ 0.471939  ]
 [ 0.53951806]
 [ 0.53289413]
 [ 0.28060898]]
 70%|   | 10500/15000 [51:37<2:17:19,  1.83s/it]测试集上一个批次数据中通过inference后的前10个输出结果
 [[ 0.44657576]
 [ 0.53951806]
 [ 0.3199476 ]
 [ 0.42018715]
 [ 0.44268778]
 [ 0.4562301 ]
 [ 0.40868333]
 [ 0.14049289]
 [ 0.48510516]
 [ 0.36519873]]

Generation 11000: test Loss = 0.00284
训练集上一个批次数据的前10个数据
 [[ 0.52719665]
 [ 0.50209206]
 [ 0.55230123]
 [ 0.46025103]
 [ 0.44769874]
 [ 0.46443516]
 [ 0.35983264]
 [ 0.48953974]
 [ 0.46443516]
 [ 0.50627613]]
测试集上一个批次数据的前10个数据
 [[ 0.51882845]
 [ 0.48953974]
 [ 0.48953974]
 [ 0.52719665]
 [ 0.38075313]
 [ 0.53556484]
 [ 0.43514645]
 [ 0.53974897]
 [ 0.56903768]
 [ 0.53138077]]
训练集上一个批次数据通过inference的前10个输出结果
 [[ 0.56764221]
 [ 0.51174676]
 [ 0.41474754]
 [ 0.45931995]
 [ 0.48042759]
 [ 0.4969891 ]
 [ 0.53091335]
 [ 0.44218194]
 [ 0.4997372 ]
 [ 0.52056706]]
 73%|  | 11000/15000 [54:15<2:05:16,  1.88s/it]测试集上一个批次数据中通过inference后的前10个输出结果
 [[ 0.56764221]
 [ 0.49881637]
 [ 0.55784702]
 [ 0.56764221]
 [ 0.39735323]
 [ 0.55548537]
 [ 0.50493866]
 [ 0.50166595]
 [ 0.43615586]
 [ 0.54953963]]

Generation 11500: test Loss = 0.00290
训练集上一个批次数据的前10个数据
 [[ 0.37656903]
 [ 0.56903768]
 [ 0.48117155]
 [ 0.43514645]
 [ 0.55230123]
 [ 0.41841003]
 [ 0.54393303]
 [ 0.53974897]
 [ 0.55230123]
 [ 0.46861926]]
测试集上一个批次数据的前10个数据
 [[ 0.34728032]
 [ 0.65271968]
 [ 0.38912135]
 [ 0.61924684]
 [ 0.58158994]
 [ 0.44351465]
 [ 0.49790794]
 [ 0.46443516]
 [ 0.47280335]
 [ 0.44351465]]
训练集上一个批次数据通过inference的前10个输出结果
 [[ 0.40622985]
 [ 0.52339661]
 [ 0.35293508]
 [ 0.44499761]
 [ 0.52320325]
 [ 0.46192694]
 [ 0.40307271]
 [ 0.41334325]
 [ 0.38814467]
 [ 0.39832121]]
 77%|  | 11500/15000 [56:55<1:52:28,  1.93s/it]测试集上一个批次数据中通过inference后的前10个输出结果
 [[ 0.46638182]
 [ 0.46042168]
 [ 0.52993679]
 [ 0.50684488]
 [ 0.48843697]
 [ 0.37944099]
 [ 0.44967252]
 [ 0.51032448]
 [ 0.41099447]
 [ 0.47666529]]

Generation 12000: test Loss = 0.00181
训练集上一个批次数据的前10个数据
 [[ 0.46861926]
 [ 0.47698745]
 [ 0.53974897]
 [ 0.46861926]
 [ 0.53556484]
 [ 0.34728032]
 [ 0.45606694]
 [ 0.48535565]
 [ 0.48535565]
 [ 0.52301258]]
测试集上一个批次数据的前10个数据
 [[ 0.53556484]
 [ 0.39748955]
 [ 0.52719665]
 [ 0.59832639]
 [ 0.58577406]
 [ 0.51464432]
 [ 0.43096235]
 [ 0.52301258]
 [ 0.50209206]
 [ 0.46443516]]
训练集上一个批次数据通过inference的前10个输出结果
 [[ 0.53131557]
 [ 0.51418966]
 [ 0.44919002]
 [ 0.4786315 ]
 [ 0.47866103]
 [ 0.48890266]
 [ 0.49283981]
 [ 0.4259271 ]
 [ 0.37142968]
 [ 0.44767922]]
测试集上一个批次数据中通过inference后的前10个输出结果
 [[ 0.58474797]
 [ 0.54128891]
 [ 0.5747757 ]
 [ 0.50628948]
 [ 0.50532901]
 [ 0.45674321]
 [ 0.54104024]
 [ 0.42875764]
 [ 0.51938993]
 [ 0.58474797]]

Generation 12500: test Loss = 0.00217
训练集上一个批次数据的前10个数据
 [[ 0.49372384]
 [ 0.53556484]
 [ 0.50209206]
 [ 0.53138077]
 [ 0.54393303]
 [ 0.43514645]
 [ 0.55230123]
 [ 0.41004184]
 [ 0.51464432]
 [ 0.66527194]]
测试集上一个批次数据的前10个数据
 [[ 0.54393303]
 [ 0.41841003]
 [ 0.43096235]
 [ 0.50209206]
 [ 0.48117155]
 [ 0.58577406]
 [ 0.57740587]
 [ 0.52301258]
 [ 0.40585774]
 [ 0.45606694]]
训练集上一个批次数据通过inference的前10个输出结果
 [[ 0.59387958]
 [ 0.51436579]
 [ 0.52938056]
 [ 0.46509576]
 [ 0.49816692]
 [ 0.47700757]
 [ 0.50116527]
 [ 0.4470793 ]
 [ 0.4957763 ]
 [ 0.52102816]]
测试集上一个批次数据中通过inference后的前10个输出结果
 [[ 0.46990937]
 [ 0.52801788]
 [ 0.54668373]
 [ 0.50217998]
 [ 0.50332373]
 [ 0.43062258]
 [ 0.51146114]
 [ 0.56097406]
 [ 0.5364055 ]
 [ 0.42910919]]

Generation 13000: test Loss = 0.00143
训练集上一个批次数据的前10个数据
 [[ 0.47280335]
 [ 0.54393303]
 [ 0.45606694]
 [ 0.42677826]
 [ 0.46025103]
 [ 0.51046026]
 [ 0.49790794]
 [ 0.36401674]
 [ 0.48953974]
 [ 0.48117155]]
测试集上一个批次数据的前10个数据
 [[ 0.48117155]
 [ 0.48953974]
 [ 0.46861926]
 [ 0.48953974]
 [ 0.56903768]
 [ 0.45188284]
 [ 0.44769874]
 [ 0.40167364]
 [ 0.53138077]
 [ 0.46861926]]
训练集上一个批次数据通过inference的前10个输出结果
 [[ 0.50911856]
 [ 0.52130574]
 [ 0.61203802]
 [ 0.60294211]
 [ 0.54264683]
 [ 0.49124271]
 [ 0.44845378]
 [ 0.45377219]
 [ 0.45283556]
 [ 0.5437783 ]]
测试集上一个批次数据中通过inference后的前10个输出结果
 [[ 0.40725967]
 [ 0.5249595 ]
 [ 0.54157287]
 [ 0.54708242]
 [ 0.51970315]
 [ 0.51969534]
 [ 0.57732642]
 [ 0.53894675]
 [ 0.59695029]
 [ 0.49249262]]

Generation 13500: test Loss = 0.00256
训练集上一个批次数据的前10个数据
 [[ 0.54393303]
 [ 0.49372384]
 [ 0.60251045]
 [ 0.54393303]
 [ 0.47280335]
 [ 0.55230123]
 [ 0.49372384]
 [ 0.54811716]
 [ 0.46861926]
 [ 0.50209206]]
测试集上一个批次数据的前10个数据
 [[ 0.57740587]
 [ 0.51882845]
 [ 0.44351465]
 [ 0.52301258]
 [ 0.47280335]
 [ 0.47280335]
 [ 0.52719665]
 [ 0.47280335]
 [ 0.52301258]
 [ 0.45188284]]
训练集上一个批次数据通过inference的前10个输出结果
 [[ 0.53715312]
 [ 0.48852831]
 [ 0.50636715]
 [ 0.49359965]
 [ 0.41918954]
 [ 0.41717958]
 [ 0.47398764]
 [ 0.51899993]
 [ 0.50540268]
 [ 0.40420091]]
 90%| | 13500/15000 [1:07:46<52:03,  2.08s/it]测试集上一个批次数据中通过inference后的前10个输出结果
 [[ 0.48845738]
 [ 0.48303586]
 [ 0.55516481]
 [ 0.48459142]
 [ 0.33098173]
 [ 0.5778622 ]
 [ 0.48229015]
 [ 0.4343031 ]
 [ 0.42137769]
 [ 0.42412484]]

Generation 14000: test Loss = 0.00132
训练集上一个批次数据的前10个数据
 [[ 0.60669458]
 [ 0.53974897]
 [ 0.49790794]
 [ 0.56903768]
 [ 0.41004184]
 [ 0.56485355]
 [ 0.42677826]
 [ 0.49372384]
 [ 0.48117155]
 [ 0.50627613]]
测试集上一个批次数据的前10个数据
 [[ 0.48117155]
 [ 0.51882845]
 [ 0.57322174]
 [ 0.46025103]
 [ 0.53974897]
 [ 0.41841003]
 [ 0.52301258]
 [ 0.44351465]
 [ 0.48117155]
 [ 0.50209206]]
训练集上一个批次数据通过inference的前10个输出结果
 [[ 0.49098352]
 [ 0.49533001]
 [ 0.51101565]
 [ 0.5417006 ]
 [ 0.54621923]
 [ 0.52656054]
 [ 0.50190401]
 [ 0.49250308]
 [ 0.48120725]
 [ 0.51556647]]
 93%|| 14000/15000 [1:10:32<35:24,  2.12s/it]测试集上一个批次数据中通过inference后的前10个输出结果
 [[ 0.42744964]
 [ 0.51675344]
 [ 0.559847  ]
 [ 0.46312088]
 [ 0.40888089]
 [ 0.54032749]
 [ 0.46491411]
 [ 0.57664198]
 [ 0.49787128]
 [ 0.54339933]]

Generation 14500: test Loss = 0.00131
训练集上一个批次数据的前10个数据
 [[ 0.52719665]
 [ 0.51464432]
 [ 0.40585774]
 [ 0.41004184]
 [ 0.50209206]
 [ 0.44769874]
 [ 0.48117155]
 [ 0.46443516]
 [ 0.49372384]
 [ 0.41841003]]
测试集上一个批次数据的前10个数据
 [[ 0.51882845]
 [ 0.51464432]
 [ 0.52301258]
 [ 0.28033474]
 [ 0.43096235]
 [ 0.51464432]
 [ 0.70711297]
 [ 0.54393303]
 [ 0.48117155]
 [ 0.48953974]]
训练集上一个批次数据通过inference的前10个输出结果
 [[ 0.46595958]
 [ 0.45890981]
 [ 0.54450971]
 [ 0.31531698]
 [ 0.43884093]
 [ 0.41773731]
 [ 0.48931915]
 [ 0.39333171]
 [ 0.52090818]
 [ 0.55446839]]
测试集上一个批次数据中通过inference后的前10个输出结果
 [[ 0.54771405]
 [ 0.43985522]
 [ 0.55583739]
 [ 0.47464633]
 [ 0.50327212]
 [ 0.44511917]
 [ 0.47607499]
 [ 0.54922044]
 [ 0.42878443]
 [ 0.47470874]]

Generation 15000: test Loss = 0.00157
训练集上一个批次数据的前10个数据
 [[ 0.42677826]
 [ 0.43514645]
 [ 0.46025103]
 [ 0.57740587]
 [ 0.44769874]
 [ 0.50627613]
 [ 0.53556484]
 [ 0.54393303]
 [ 0.52301258]
 [ 0.53974897]]
测试集上一个批次数据的前10个数据
 [[ 0.51882845]
 [ 0.53138077]
 [ 0.46443516]
 [ 0.58158994]
 [ 0.50209206]
 [ 0.48117155]
 [ 0.45188284]
 [ 0.47698745]
 [ 0.57740587]
 [ 0.50209206]]
训练集上一个批次数据通过inference的前10个输出结果
 [[ 0.4513855 ]
 [ 0.52284688]
 [ 0.4316833 ]
 [ 0.56459194]
 [ 0.4442921 ]
 [ 0.49341142]
 [ 0.43340933]
 [ 0.58915901]
 [ 0.53844225]
 [ 0.47897726]]
测试集上一个批次数据中通过inference后的前10个输出结果
 [[ 0.47714925]
 [ 0.47489733]
 [ 0.52520001]
 [ 0.47661072]
 [ 0.56588101]
 [ 0.47520316]
 [ 0.5486995 ]
 [ 0.54971063]
 [ 0.41572076]
 [ 0.48610377]]