Generation 2000: test Loss = 0.00710
训练集上一个批次数据的前10个数据
 [[ 0.498     ]
 [ 0.259     ]
 [ 0.56      ]
 [ 0.34599999]
 [ 0.38699999]
 [ 0.23199999]
 [ 0.30500001]
 [ 0.53500003]
 [ 0.48800001]
 [ 0.236     ]]
测试集上一个批次数据的前10个数据
 [[ 0.205     ]
 [ 0.479     ]
 [ 0.403     ]
 [ 0.43599999]
 [ 0.40900001]
 [ 0.375     ]
 [ 0.48699999]
 [ 0.23800001]
 [ 0.234     ]
 [ 0.30199999]]
训练集上一个批次数据通过inference的前10个输出结果
 [[ 0.46750486]
 [ 0.26050723]
 [ 0.43757999]
 [ 0.48973238]
 [ 0.48395902]
 [ 0.25845596]
 [ 0.26179263]
 [ 0.28521097]
 [ 0.28324467]
 [ 0.44640309]]
 40%|      | 2000/5000 [19:14<1:23:40,  1.67s/it]测试集上一个批次数据中通过inference后的前10个输出结果
 [[ 0.26172245]
 [ 0.46052617]
 [ 0.2876386 ]
 [ 0.30485713]
 [ 0.29602969]
 [ 0.2852146 ]
 [ 0.28678501]
 [ 0.30083966]
 [ 0.41398102]
 [ 0.35295019]]

Generation 3000: test Loss = 0.00884
训练集上一个批次数据的前10个数据
 [[ 0.417     ]
 [ 0.42699999]
 [ 0.403     ]
 [ 0.25600001]
 [ 0.204     ]
 [ 0.36500001]
 [ 0.47799999]
 [ 0.25600001]
 [ 0.389     ]
 [ 0.442     ]]
测试集上一个批次数据的前10个数据
 [[ 0.648     ]
 [ 0.229     ]
 [ 0.278     ]
 [ 0.80500001]
 [ 0.69800001]
 [ 0.40099999]
 [ 0.493     ]
 [ 0.51099998]
 [ 0.31200001]
 [ 0.214     ]]
训练集上一个批次数据通过inference的前10个输出结果
 [[ 0.25772271]
 [ 0.47996634]
 [ 0.55943304]
 [ 0.51418936]
 [ 0.71298134]
 [ 0.23903421]
 [ 0.22766334]
 [ 0.24436027]
 [ 0.55593008]
 [ 0.72547722]]

 60%|    | 3000/5000 [28:59<56:47,  1.70s/it]测试集上一个批次数据中通过inference后的前10个输出结果
 [[ 0.33137181]
 [ 0.30946711]
 [ 0.44112292]
 [ 0.32527298]
 [ 0.37007487]
 [ 0.34572941]
 [ 0.39099941]
 [ 0.2929267 ]
 [ 0.39019319]
 [ 0.67732453]]


Generation 3500: test Loss = 0.01819
训练集上一个批次数据的前10个数据
 [[ 0.27200001]
 [ 0.37599999]
 [ 0.54900002]
 [ 0.46599999]
 [ 0.26899999]
 [ 0.215     ]
 [ 0.51800001]
 [ 0.28099999]
 [ 0.34299999]
 [ 0.47      ]]
测试集上一个批次数据的前10个数据
 [[ 0.40099999]
 [ 0.259     ]
 [ 0.26100001]
 [ 0.219     ]
 [ 0.259     ]
 [ 0.398     ]
 [ 0.25600001]
 [ 0.35699999]
 [ 0.234     ]
 [ 0.50800002]]
训练集上一个批次数据通过inference的前10个输出结果
 [[ 0.3784    ]
 [ 0.46764642]
 [ 0.2739535 ]
 [ 0.26691908]
 [ 0.39197707]
 [ 0.25066033]
 [ 0.24687609]
 [ 0.38167691]
 [ 0.25517327]
 [ 0.29172656]]
测试集上一个批次数据中通过inference后的前10个输出结果
 [[ 0.41742992]
 [ 0.45281738]
 [ 0.40404397]
 [ 0.41012993]
 [ 0.41159078]
 [ 0.41779965]
 [ 0.44116578]
 [ 0.40523463]
 [ 0.41116795]
 [ 0.42058566]]

 80%|  | 3999/5000 [38:39<08:44,  1.91it/s]Generation 4000: train Loss = 0.00226
Generation 4000: test Loss = 0.00583
训练集上一个批次数据的前10个数据
 [[ 0.26199999]
 [ 0.54400003]
 [ 0.43599999]
 [ 0.153     ]
 [ 0.208     ]
 [ 0.45500001]
 [ 0.461     ]
 [ 0.245     ]
 [ 0.278     ]
 [ 0.34900001]]
测试集上一个批次数据的前10个数据
 [[ 0.71499997]
 [ 0.266     ]
 [ 0.37900001]
 [ 0.45199999]
 [ 0.69499999]
 [ 0.52899998]
 [ 0.162     ]
 [ 0.25099999]
 [ 0.35100001]
 [ 0.366     ]]
训练集上一个批次数据通过inference的前10个输出结果
 [[ 0.21895647]
 [ 0.47663546]
 [ 0.26448035]
 [ 0.24993598]
 [ 0.4608002 ]
 [ 0.36950842]
 [ 0.5111472 ]
 [ 0.22838919]
 [ 0.47943079]
 [ 0.52481323]]
测试集上一个批次数据中通过inference后的前10个输出结果
 [[ 0.3675583 ]
 [ 0.41301742]
 [ 0.42113578]
 [ 0.43553096]
 [ 0.31539989]
 [ 0.37277672]
 [ 0.30570805]
 [ 0.37624559]
 [ 0.35858572]

Generation 4500: test Loss = 0.00311
训练集上一个批次数据的前10个数据
 [[ 0.347     ]
 [ 0.38699999]
 [ 0.141     ]
 [ 0.215     ]
 [ 0.186     ]
 [ 0.21799999]
 [ 0.45500001]
 [ 0.242     ]
 [ 0.38499999]
 [ 0.41999999]]
测试集上一个批次数据的前10个数据
 [[ 0.25      ]
 [ 0.32699999]
 [ 0.212     ]
 [ 0.31400001]
 [ 0.41600001]
 [ 0.79500002]
 [ 0.37      ]
 [ 0.414     ]
 [ 0.40700001]
 [ 0.68599999]]
训练集上一个批次数据通过inference的前10个输出结果
 [[ 0.23121296]
 [ 0.28693828]
 [ 0.45104843]
 [ 0.37154782]
 [ 0.24914862]
 [ 0.27338848]
 [ 0.46523657]
 [ 0.29205561]
 [ 0.23625629]
 [ 0.23835523]]
 90%| | 4500/5000 [43:42<15:00,  1.80s/it]测试集上一个批次数据中通过inference后的前10个输出结果
 [[ 0.44167355]
 [ 0.28721771]
 [ 0.40818581]
 [ 0.3576383 ]
 [ 0.41017154]
 [ 0.40504485]
 [ 0.28666133]
 [ 0.44711787]
 [ 0.30298984]
 [ 0.37298813]]
 [ 0.42784864]]

100%|| 4999/5000 [48:35<00:00,  1.92it/s]Generation 5000: train Loss = 0.00401
Generation 5000: test Loss = 0.01608
训练集上一个批次数据的前10个数据
 [[ 0.44100001]
 [ 0.23100001]
 [ 0.20900001]
 [ 0.237     ]
 [ 0.278     ]
 [ 0.36000001]
 [ 0.56900001]
 [ 0.51200002]
 [ 0.42199999]
 [ 0.477     ]]
测试集上一个批次数据的前10个数据
 [[ 0.35100001]
 [ 0.20900001]
 [ 0.15700001]
 [ 0.227     ]
 [ 0.442     ]
 [ 0.34200001]
 [ 0.234     ]
 [ 0.23800001]
 [ 0.49700001]
 [ 0.57999998]]
训练集上一个批次数据通过inference的前10个输出结果
 [[ 0.26066035]
 [ 0.46476534]
 [ 0.23720606]
 [ 0.24875703]
 [ 0.36362785]
 [ 0.24991071]
 [ 0.46208662]
 [ 0.36362785]
 [ 0.43085063]
 [ 0.44092458]]
测试集上一个批次数据中通过inference后的前10个输出结果
 [[ 0.39351964]
 [ 0.39381152]
 [ 0.43940428]
 [ 0.3943488 ]
 [ 0.3920365 ]
 [ 0.41880101]
 [ 0.43072402]
 [ 0.43470514]
 [ 0.43586767]
 [ 0.39763689]]