 25%|       | 1999/8000 [16:54<41:56,  2.38it/s]Generation 2000: train Loss = 0.00450
Generation 2000: test Loss = 0.00485
训练集上一个批次数据的前10个数据
 [[ 0.46025103]
 [ 0.51882845]
 [ 0.53974897]
 [ 0.34309623]
 [ 0.36820084]
 [ 0.53974897]
 [ 0.50627613]
 [ 0.52719665]
 [ 0.44769874]
 [ 0.48953974]]
测试集上一个批次数据的前10个数据
 [[ 0.44351465]
 [ 0.56485355]
 [ 0.54393303]
 [ 0.47280335]
 [ 0.55648535]
 [ 0.36820084]
 [ 0.43933055]
 [ 0.42259413]
 [ 0.55230123]
 [ 0.27196652]]
训练集上一个批次数据通过inference的前10个输出结果
 [[ 0.52655238]
 [ 0.41652957]
 [ 0.52655238]
 [ 0.52655238]
 [ 0.49484491]
 [ 0.52655238]
 [ 0.48109469]
 [ 0.43323666]
 [ 0.48859039]
 [ 0.50144768]]
测试集上一个批次数据中通过inference后的前10个输出结果
 [[ 0.47982779]
 [ 0.46790132]
 [ 0.50107253]
 [ 0.49565628]
 [ 0.52655238]
 [ 0.52655238]
 [ 0.49289855]
 [ 0.52655238]
 [ 0.52655238]
 [ 0.45787603]]

Generation 2500: test Loss = 0.00423
训练集上一个批次数据的前10个数据
 [[ 0.33472803]
 [ 0.40167364]
 [ 0.60251045]
 [ 0.50209206]
 [ 0.48117155]
 [ 0.56485355]
 [ 0.46443516]
 [ 0.42259413]
 [ 0.53556484]
 [ 0.48953974]]
测试集上一个批次数据的前10个数据
 [[ 0.55230123]
 [ 0.53138077]
 [ 0.51046026]
 [ 0.59414226]
 [ 0.52301258]
 [ 0.55230123]
 [ 0.48117155]
 [ 0.55648535]
 [ 0.57322174]
 [ 0.63598329]]
训练集上一个批次数据通过inference的前10个输出结果
 [[ 0.48386082]
 [ 0.45017636]
 [ 0.50689024]
 [ 0.51857662]
 [ 0.53421265]
 [ 0.53421265]
 [ 0.53421265]
 [ 0.52586406]
 [ 0.47063869]
 [ 0.53421265]]
 31%|      | 2500/8000 [21:01<2:32:33,  1.66s/it]测试集上一个批次数据中通过inference后的前10个输出结果
 [[ 0.53421265]
 [ 0.50534344]
 [ 0.37774983]
 [ 0.42823547]
 [ 0.53421265]
 [ 0.53421265]
 [ 0.53421265]
 [ 0.53421265]
 [ 0.42739853]
 [ 0.53421265]]


 44%|     | 3499/8000 [29:10<31:07,  2.41it/s]Generation 3500: train Loss = 0.00314
Generation 3500: test Loss = 0.00400
训练集上一个批次数据的前10个数据
 [[ 0.50627613]
 [ 0.47698745]
 [ 0.51464432]
 [ 0.48953974]
 [ 0.42259413]
 [ 0.49790794]
 [ 0.55230123]
 [ 0.44351465]
 [ 0.51464432]
 [ 0.56066948]]
测试集上一个批次数据的前10个数据
 [[ 0.55230123]
 [ 0.54393303]
 [ 0.42677826]
 [ 0.54393303]
 [ 0.49790794]
 [ 0.54811716]
 [ 0.48953974]
 [ 0.49790794]
 [ 0.43514645]
 [ 0.53138077]]
训练集上一个批次数据通过inference的前10个输出结果
 [[ 0.53419185]
 [ 0.38108358]
 [ 0.54188043]
 [ 0.4550797 ]
 [ 0.41751179]
 [ 0.46649423]
 [ 0.46837431]
 [ 0.55885923]
 [ 0.54998767]
 [ 0.50170261]]
 44%|     | 3500/8000 [29:14<1:58:01,  1.57s/it]测试集上一个批次数据中通过inference后的前10个输出结果
 [[ 0.54970902]
 [ 0.55885923]
 [ 0.48213536]
 [ 0.49688295]
 [ 0.38982314]
 [ 0.55885923]
 [ 0.50056213]
 [ 0.5166136 ]
 [ 0.46949768]
 [ 0.55090737]]

Generation 4000: test Loss = 0.00325
训练集上一个批次数据的前10个数据
 [[ 0.51046026]
 [ 0.51464432]
 [ 0.50209206]
 [ 0.48535565]
 [ 0.55230123]
 [ 0.51046026]
 [ 0.48117155]
 [ 0.34309623]
 [ 0.44769874]
 [ 0.47698745]]
测试集上一个批次数据的前10个数据
 [[ 0.42259413]
 [ 0.37656903]
 [ 0.58577406]
 [ 0.49790794]
 [ 0.54811716]
 [ 0.54393303]
 [ 0.53974897]
 [ 0.56903768]
 [ 0.46025103]
 [ 0.47280335]]
训练集上一个批次数据通过inference的前10个输出结果
 [[ 0.47676539]
 [ 0.52320129]
 [ 0.53116715]
 [ 0.45078218]
 [ 0.54492557]
 [ 0.39312512]
 [ 0.56666404]
 [ 0.51392132]
 [ 0.29752824]
 [ 0.56435025]]
测试集上一个批次数据中通过inference后的前10个输出结果
 [[ 0.45562452]
 [ 0.43292305]
 [ 0.47848225]
 [ 0.51088411]
 [ 0.46344435]
 [ 0.47373173]
 [ 0.41976517]
 [ 0.48042059]
 [ 0.46772864]
 [ 0.51108652]]

Generation 4500: test Loss = 0.00729
训练集上一个批次数据的前10个数据
 [[ 0.43096235]
 [ 0.41004184]
 [ 0.46443516]
 [ 0.48535565]
 [ 0.51464432]
 [ 0.41004184]
 [ 0.40585774]
 [ 0.54393303]
 [ 0.46861926]
 [ 0.48953974]]
测试集上一个批次数据的前10个数据
 [[ 0.38912135]
 [ 0.48535565]
 [ 0.46861926]
 [ 0.58158994]
 [ 0.46861926]
 [ 0.53138077]
 [ 0.50209206]
 [ 0.49790794]
 [ 0.49372384]
 [ 0.46025103]]
训练集上一个批次数据通过inference的前10个输出结果
 [[ 0.43414137]
 [ 0.37794086]
 [ 0.47542217]
 [ 0.36886433]
 [ 0.51141971]
 [ 0.40480793]
 [ 0.37721142]
 [ 0.55623764]
 [ 0.49006447]
 [ 0.3893671 ]]
测试集上一个批次数据中通过inference后的前10个输出结果
 [[ 0.44525161]
 [ 0.53510582]
 [ 0.50261694]
 [ 0.5168972 ]
 [ 0.33089754]
 [ 0.40906405]
 [ 0.49881083]
 [ 0.45229632]
 [ 0.37837437]
 [ 0.3170169 ]]


 62%|   | 4999/8000 [41:23<22:02,  2.27it/s]Generation 5000: train Loss = 0.00155
Generation 5000: test Loss = 0.00218
训练集上一个批次数据的前10个数据
 [[ 0.41841003]
 [ 0.57740587]
 [ 0.48953974]
 [ 0.47280335]
 [ 0.48953974]
 [ 0.49790794]
 [ 0.50209206]
 [ 0.37238494]
 [ 0.50209206]
 [ 0.51882845]]
测试集上一个批次数据的前10个数据
 [[ 0.57322174]
 [ 0.45188284]
 [ 0.52301258]
 [ 0.51464432]
 [ 0.59832639]
 [ 0.49790794]
 [ 0.38075313]
 [ 0.47698745]
 [ 0.70711297]
 [ 0.50209206]]
训练集上一个批次数据通过inference的前10个输出结果
 [[ 0.41845733]
 [ 0.43813896]
 [ 0.41597748]
 [ 0.40310866]
 [ 0.57788849]
 [ 0.52007711]
 [ 0.51757038]
 [ 0.55101782]
 [ 0.52170336]
 [ 0.54285342]]
 62%|   | 5000/8000 [41:28<1:25:58,  1.72s/it]测试集上一个批次数据中通过inference后的前10个输出结果
 [[ 0.5892297 ]
 [ 0.59495437]
 [ 0.53831905]
 [ 0.39586884]
 [ 0.56452358]
 [ 0.47640723]
 [ 0.49924237]
 [ 0.50841624]
 [ 0.45796135]
 [ 0.51668054]]

Generation 5500: test Loss = 0.00357
训练集上一个批次数据的前10个数据
 [[ 0.63179916]
 [ 0.50627613]
 [ 0.55648535]
 [ 0.53974897]
 [ 0.51464432]
 [ 0.44769874]
 [ 0.47280335]
 [ 0.53974897]
 [ 0.48953974]
 [ 0.66945606]]
测试集上一个批次数据的前10个数据
 [[ 0.51882845]
 [ 0.56066948]
 [ 0.56903768]
 [ 0.42677826]
 [ 0.49372384]
 [ 0.66945606]
 [ 0.66108787]
 [ 0.52719665]
 [ 0.45188284]
 [ 0.46443516]]
训练集上一个批次数据通过inference的前10个输出结果
 [[ 0.50187904]
 [ 0.44405895]
 [ 0.47918215]
 [ 0.48557681]
 [ 0.50514919]
 [ 0.48136845]
 [ 0.56022382]
 [ 0.5202952 ]
 [ 0.54477316]
 [ 0.50507051]]
 69%|   | 5500/8000 [45:30<1:10:40,  1.70s/it]测试集上一个批次数据中通过inference后的前10个输出结果
 [[ 0.46977586]
 [ 0.54796898]
 [ 0.43694931]
 [ 0.40349412]
 [ 0.46362618]
 [ 0.40455741]
 [ 0.41348314]
 [ 0.38141721]
 [ 0.37019724]
 [ 0.49266517]]

Generation 6000: test Loss = 0.00719
训练集上一个批次数据的前10个数据
 [[ 0.46443516]
 [ 0.58158994]
 [ 0.51882845]
 [ 0.40585774]
 [ 0.53556484]
 [ 0.45606694]
 [ 0.49790794]
 [ 0.45188284]
 [ 0.55230123]
 [ 0.55230123]]
测试集上一个批次数据的前10个数据
 [[ 0.48953974]
 [ 0.44351465]
 [ 0.48535565]
 [ 0.56903768]
 [ 0.48117155]
 [ 0.54393303]
 [ 0.54811716]
 [ 0.43933055]
 [ 0.58577406]
 [ 0.52301258]]
训练集上一个批次数据通过inference的前10个输出结果
 [[ 0.35754111]
 [ 0.44229326]
 [ 0.42746949]
 [ 0.55810231]
 [ 0.47586828]
 [ 0.42620325]
 [ 0.53945017]
 [ 0.41927817]
 [ 0.49082276]
 [ 0.48991308]]
 75%|  | 6000/8000 [49:37<1:07:54,  2.04s/it]测试集上一个批次数据中通过inference后的前10个输出结果
 [[ 0.42246813]
 [ 0.56468773]
 [ 0.43421996]
 [ 0.3983075 ]
 [ 0.45328248]
 [ 0.43101966]
 [ 0.40655208]
 [ 0.50226378]
 [ 0.47089487]
 [ 0.56468773]]

Generation 6500: test Loss = 0.00338
训练集上一个批次数据的前10个数据
 [[ 0.50209206]
 [ 0.56485355]
 [ 0.47280335]
 [ 0.37656903]
 [ 0.65690374]
 [ 0.49372384]
 [ 0.41004184]
 [ 0.58577406]
 [ 0.32635984]
 [ 0.46861926]]
测试集上一个批次数据的前10个数据
 [[ 0.57322174]
 [ 0.36820084]
 [ 0.44351465]
 [ 0.54393303]
 [ 0.57322174]
 [ 0.44769874]
 [ 0.43096235]
 [ 0.49790794]
 [ 0.40585774]
 [ 0.53556484]]
训练集上一个批次数据通过inference的前10个输出结果
 [[ 0.50163847]
 [ 0.48993257]
 [ 0.36025524]
 [ 0.58169764]
 [ 0.52442545]
 [ 0.56973165]
 [ 0.5488649 ]
 [ 0.46346459]
 [ 0.6270867 ]
 [ 0.46487224]]
 81%| | 6500/8000 [54:08<45:34,  1.82s/it]测试集上一个批次数据中通过inference后的前10个输出结果
 [[ 0.40411142]
 [ 0.48425782]
 [ 0.39686134]
 [ 0.48121932]
 [ 0.56306875]
 [ 0.42306095]
 [ 0.50129497]
 [ 0.40907729]
 [ 0.36572433]
 [ 0.48092768]]