Generation 500: test Loss = 0.46827
训练集上一个批次数据的前10个数据
 [[ 0.59832639]
 [ 0.42677826]
 [ 0.53556484]
 [ 0.51046026]
 [ 0.46861926]
 [ 0.50209206]
 [ 0.46443516]
 [ 0.38912135]
 [ 0.58577406]
 [ 0.46025103]]
测试集上一个批次数据的前10个数据
 [[ 0.55230123]
 [ 0.55230123]
 [ 0.41422594]
 [ 0.58577406]
 [ 0.61924684]
 [ 0.53138077]
 [ 0.54393303]
 [ 0.55230123]
 [ 0.66945606]
 [ 0.40585774]]
训练集上一个批次数据通过inference的前10个输出结果
 [[ 0.48783633]
 [ 0.48783633]
 [ 0.48783633]
 [ 0.48783633]
 [ 0.48783633]
 [ 0.48783633]
 [ 0.48783633]
 [ 0.51579422]
 [ 0.48783633]
 [ 0.48783633]]
测试集上一个批次数据中通过inference后的前10个输出结果
 [[ 0.48783633]
 [ 0.48783633]
 [ 0.48783633]
 [ 0.48783633]
 [ 0.48783633]
 [ 0.48783633]
 [ 0.48783633]
 [ 0.48783633]
 [ 0.48783633]
 [ 0.48783633]]


Generation 1000: test Loss = 0.13653
训练集上一个批次数据的前10个数据
 [[ 0.48953974]
 [ 0.47280335]
 [ 0.39748955]
 [ 0.50627613]
 [ 0.58577406]
 [ 0.45606694]
 [ 0.46443516]
 [ 0.48535565]
 [ 0.53974897]
 [ 0.46025103]]
测试集上一个批次数据的前10个数据
 [[ 0.50627613]
 [ 0.53138077]
 [ 0.37238494]
 [ 0.59414226]
 [ 0.41422594]
 [ 0.58158994]
 [ 0.53556484]
 [ 0.49372384]
 [ 0.49790794]
 [ 0.52719665]]
训练集上一个批次数据通过inference的前10个输出结果
 [[ 0.48760095]
 [ 0.48760095]
 [ 0.48760095]
 [ 0.48760095]
 [ 0.47168517]
 [ 0.49521291]
 [ 0.48760095]
 [ 0.48760095]
 [ 0.48760095]
 [ 0.48760095]]
测试集上一个批次数据中通过inference后的前10个输出结果
 [[ 0.48760095]
 [ 0.48760095]
 [ 0.48760095]
 [ 0.48760095]
 [ 0.3255645 ]
 [ 0.48760095]
 [ 0.48760095]
 [ 0.48760095]
 [ 0.48760095]
 [ 0.48760095]]