Generation 500: test Loss = 1.54814
训练集上一个批次数据的前10个数据
 [[ 0.60251045]
 [ 0.37656903]
 [ 0.44769874]
 [ 0.54393303]
 [ 0.53138077]
 [ 0.55648535]
 [ 0.37656903]
 [ 0.41422594]
 [ 0.58995813]
 [ 0.47280335]]
测试集上一个批次数据的前10个数据
 [[ 0.49790794]
 [ 0.48535565]
 [ 0.63598329]
 [ 0.45606694]
 [ 0.40585774]
 [ 0.53138077]
 [ 0.48117155]
 [ 0.51046026]
 [ 0.44351465]
 [ 0.47280335]]
训练集上一个批次数据通过inference的前10个输出结果
 [[ 0.51361227]
 [ 0.46170625]
 [ 0.49297982]
 [ 0.48172924]
 [ 0.47930771]
 [ 0.44554511]
 [ 0.47930771]
 [ 0.50512433]
 [ 0.48287225]
 [ 0.47930771]]
测试集上一个批次数据中通过inference后的前10个输出结果
 10%|         | 500/5000 [08:22<3:02:35,  2.43s/it] [[ 0.57425517]
 [ 0.51451033]
 [ 0.62444711]
 [ 0.62890333]
 [ 0.57114732]
 [ 0.46446961]
 [ 0.59750086]
 [ 0.52165902]
 [ 0.43612272]
 [ 0.50435638]]


 20%|        | 999/5000 [16:50<1:04:22,  1.04it/s]Generation 1000: train Loss = 0.43051
Generation 1000: test Loss = 0.43553
训练集上一个批次数据的前10个数据
 [[ 0.56066948]
 [ 0.51882845]
 [ 0.42677826]
 [ 0.47280335]
 [ 0.44351465]
 [ 0.36820084]
 [ 0.35564855]
 [ 0.45606694]
 [ 0.53556484]
 [ 0.48117155]]
测试集上一个批次数据的前10个数据
 [[ 0.51882845]
 [ 0.54393303]
 [ 0.56066948]
 [ 0.60251045]
 [ 0.48535565]
 [ 0.55230123]
 [ 0.48535565]
 [ 0.40167364]
 [ 0.25941423]
 [ 0.54393303]]
训练集上一个批次数据通过inference的前10个输出结果
 [[ 0.43512064]
 [ 0.4770318 ]
 [ 0.48413962]
 [ 0.51153332]
 [ 0.52460903]
 [ 0.52630627]
 [ 0.52467006]
 [ 0.49509835]
 [ 0.5156951 ]
 [ 0.50610906]]
测试集上一个批次数据中通过inference后的前10个输出结果
 20%|        | 1000/5000 [16:55<2:29:08,  2.24s/it] [[ 0.5238812 ]
 [ 0.37389123]
 [ 0.5182308 ]
 [ 0.42199424]
 [ 0.43646997]
 [ 0.40466672]
 [ 0.38066083]
 [ 0.45110345]
 [ 0.46277624]
 [ 0.30455038]]

Generation 1500: test Loss = 0.07966
训练集上一个批次数据的前10个数据
 [[ 0.51882845]
 [ 0.45606694]
 [ 0.54811716]
 [ 0.53974897]
 [ 0.60251045]
 [ 0.42677826]
 [ 0.50627613]
 [ 0.46443516]
 [ 0.51046026]
 [ 0.50627613]]
测试集上一个批次数据的前10个数据
 [[ 0.56066948]
 [ 0.42259413]
 [ 0.49790794]
 [ 0.42259413]
 [ 0.42677826]
 [ 0.58577406]
 [ 0.44351465]
 [ 0.43096235]
 [ 0.47280335]
 [ 0.40585774]]
训练集上一个批次数据通过inference的前10个输出结果
 [[ 0.53811324]
 [ 0.48700953]
 [ 0.49809018]
 [ 0.41494727]
 [ 0.49638194]
 [ 0.4125371 ]
 [ 0.50321472]
 [ 0.4222005 ]
 [ 0.51570857]
 [ 0.48097205]]
测试集上一个批次数据中通过inference后的前10个输出结果
 [[ 0.50580078]
 [ 0.5021956 ]
 [ 0.44366848]
 [ 0.4916423 ]
 [ 0.4752855 ]
 [ 0.45581672]
 [ 0.44731364]
 [ 0.47841883]
 [ 0.4973039 ]
 [ 0.47451589]]