Generation 500: test Loss = 0.01993
训练集上一个批次数据的前10个数据
 [[ 0.46443516]
 [ 0.55230123]
 [ 0.54811716]
 [ 0.45606694]
 [ 0.49372384]
 [ 0.43933055]
 [ 0.54393303]
 [ 0.45188284]
 [ 0.52719665]
 [ 0.56066948]]
测试集上一个批次数据的前10个数据
 [[ 0.55648535]
 [ 0.45606694]
 [ 0.53556484]
 [ 0.46443516]
 [ 0.38912135]
 [ 0.58577406]
 [ 0.50627613]
 [ 0.44769874]
 [ 0.58577406]
 [ 0.43933055]]
训练集上一个批次数据通过inference的前10个输出结果
 [[ 0.48726341]
 [ 0.48726341]
 [ 0.48726341]
 [ 0.48726341]
 [ 0.48726341]
 [ 0.48726341]
 [ 0.48726341]
 [ 0.48726341]
 [ 0.48726341]
 [ 0.48726341]]
  6%|         | 500/8000 [03:15<2:45:47,  1.33s/it]测试集上一个批次数据中通过inference后的前10个输出结果
 [[ 0.48726341]
 [ 0.48726341]
 [ 0.48726341]
 [ 0.48726341]
 [ 0.48726341]
 [ 0.48726341]
 [ 0.48726341]
 [ 0.48726341]
 [ 0.48726341]
 [ 0.48726341]]


Generation 1000: test Loss = 0.00959
训练集上一个批次数据的前10个数据
 [[ 0.49790794]
 [ 0.41422594]
 [ 0.46025103]
 [ 0.42259413]
 [ 0.52301258]
 [ 0.36401674]
 [ 0.45188284]
 [ 0.54811716]
 [ 0.55230123]
 [ 0.50209206]]
测试集上一个批次数据的前10个数据
 [[ 0.60669458]
 [ 0.59414226]
 [ 0.48117155]
 [ 0.58995813]
 [ 0.51464432]
 [ 0.42259413]
 [ 0.50209206]
 [ 0.46025103]
 [ 0.58577406]
 [ 0.56903768]]
训练集上一个批次数据通过inference的前10个输出结果
 [[ 0.49233153]
 [ 0.49233153]
 [ 0.49233153]
 [ 0.49233153]
 [ 0.49233153]
 [ 0.49233153]
 [ 0.49233153]
 [ 0.49233153]
 [ 0.49233153]
 [ 0.49233153]]
 12%|        | 1000/8000 [06:36<2:24:51,  1.24s/it]测试集上一个批次数据中通过inference后的前10个输出结果
 [[ 0.49233153]
 [ 0.49233153]
 [ 0.49233153]
 [ 0.49233153]
 [ 0.49233153]
 [ 0.49233153]
 [ 0.49233153]
 [ 0.49233153]
 [ 0.49233153]
 [ 0.49233153]]

Generation 1500: test Loss = 0.00613
训练集上一个批次数据的前10个数据
 [[ 0.52719665]
 [ 0.42677826]
 [ 0.38493723]
 [ 0.47280335]
 [ 0.53556484]
 [ 0.37238494]
 [ 0.43514645]
 [ 0.42677826]
 [ 0.43514645]
 [ 0.45606694]]
测试集上一个批次数据的前10个数据
 [[ 0.54393303]
 [ 0.41422594]
 [ 0.46025103]
 [ 0.56903768]
 [ 0.62761503]
 [ 0.47280335]
 [ 0.48535565]
 [ 0.61087865]
 [ 0.53974897]
 [ 0.45188284]]
训练集上一个批次数据通过inference的前10个输出结果
 [[ 0.49093452]
 [ 0.49093452]
 [ 0.49093452]
 [ 0.49093452]
 [ 0.49093452]
 [ 0.49093452]
 [ 0.49093452]
 [ 0.49093452]
 [ 0.49093452]
 [ 0.49093452]]
测试集上一个批次数据中通过inference后的前10个输出结果
 19%|        | 1500/8000 [09:59<2:21:08,  1.30s/it] 
[[ 0.49093452]
 [ 0.49093452]
 [ 0.49093452]
 [ 0.49093452]
 [ 0.49093452]
 [ 0.49093452]
 [ 0.49093452]
 [ 0.49093452]
 [ 0.49093452]
 [ 0.49093452]]


25%|       | 1999/8000 [13:19<35:36,  2.81it/s]Generation 2000: train Loss = 0.00558
Generation 2000: test Loss = 0.00472
训练集上一个批次数据的前10个数据
 [[ 0.23430963]
 [ 0.46443516]
 [ 0.52719665]
 [ 0.51882845]
 [ 0.62343097]
 [ 0.55648535]
 [ 0.52719665]
 [ 0.44769874]
 [ 0.48117155]
 [ 0.46861926]]
测试集上一个批次数据的前10个数据
 [[ 0.48953974]
 [ 0.57740587]
 [ 0.47698745]
 [ 0.50627613]
 [ 0.56485355]
 [ 0.49372384]
 [ 0.62761503]
 [ 0.58995813]
 [ 0.40167364]
 [ 0.47280335]]
训练集上一个批次数据通过inference的前10个输出结果
 [[ 0.49154317]
 [ 0.49154317]
 [ 0.49154317]
 [ 0.49154317]
 [ 0.49154317]
 [ 0.49154317]
 [ 0.49154317]
 [ 0.49154317]
 [ 0.49154317]
 [ 0.49154317]]
 25%|       | 2000/8000 [13:23<2:15:45,  1.36s/it]测试集上一个批次数据中通过inference后的前10个输出结果
 [[ 0.49154317]
 [ 0.49154317]
 [ 0.49154317]
 [ 0.49154317]
 [ 0.49154317]
 [ 0.49154317]
 [ 0.49154317]
 [ 0.49154317]
 [ 0.49154317]
 [ 0.49154317]]

