Generation 500: test Loss = 0.02456
训练集上一个批次数据的前10个数据
 [[ 0.34728032]
 [ 0.57740587]
 [ 0.41841003]
 [ 0.55230123]
 [ 0.56903768]
 [ 0.56485355]
 [ 0.53974897]
 [ 0.48953974]
 [ 0.36820084]
 [ 0.53556484]]
测试集上一个批次数据的前10个数据
 [[ 0.52719665]
 [ 0.52301258]
 [ 0.45188284]
 [ 0.53974897]
 [ 0.54393303]
 [ 0.45606694]
 [ 0.45188284]
 [ 0.42677826]
 [ 0.38075313]
 [ 0.51464432]]
训练集上一个批次数据通过inference的前10个输出结果
 [[ 0.49222147]
 [ 0.53531545]
 [ 0.4755787 ]
 [ 0.48272744]
 [ 0.53567249]
 [ 0.4755787 ]
 [ 0.48977691]
 [ 0.48261842]
 [ 0.4795011 ]
 [ 0.4755787 ]]
测试集上一个批次数据中通过inference后的前10个输出结果
 [[ 0.4755787 ]
 [ 0.4755787 ]
 [ 0.4755787 ]
 [ 0.4755787 ]
 [ 0.4755787 ]
 [ 0.49519563]
 [ 0.4755787 ]
 [ 0.4755787 ]
 [ 0.50305933]
 [ 0.4755787 ]]

Generation 1000: test Loss = 0.01457
训练集上一个批次数据的前10个数据
 [[ 0.38493723]
 [ 0.64016736]
 [ 0.46861926]
 [ 0.48953974]
 [ 0.40585774]
 [ 0.52301258]
 [ 0.52719665]
 [ 0.47280335]
 [ 0.50209206]
 [ 0.48953974]]
测试集上一个批次数据的前10个数据
 [[ 0.51464432]
 [ 0.43514645]
 [ 0.56903768]
 [ 0.46443516]
 [ 0.48535565]
 [ 0.51464432]
 [ 0.54393303]
 [ 0.55230123]
 [ 0.54811716]
 [ 0.38912135]]
训练集上一个批次数据通过inference的前10个输出结果
 [[ 0.50866592]
 [ 0.5079217 ]
 [ 0.49139404]
 [ 0.44204262]
 [ 0.47590315]
 [ 0.48583603]
 [ 0.45162863]
 [ 0.49673426]
 [ 0.52034318]
 [ 0.45596007]]
 20%|        | 1000/5000 [07:43<1:25:19,  1.28s/it]测试集上一个批次数据中通过inference后的前10个输出结果
 [[ 0.44204262]
 [ 0.45658916]
 [ 0.44204262]
 [ 0.44204262]
 [ 0.44204262]
 [ 0.44204262]
 [ 0.44204262]
 [ 0.49710968]
 [ 0.44204262]
 [ 0.44204262]]


Generation 2000: test Loss = 0.00689
训练集上一个批次数据的前10个数据
 [[ 0.56903768]
 [ 0.59832639]
 [ 0.56903768]
 [ 0.61087865]
 [ 0.59832639]
 [ 0.53974897]
 [ 0.51882845]
 [ 0.50627613]
 [ 0.43514645]
 [ 0.43514645]]
测试集上一个批次数据的前10个数据
 [[ 0.49372384]
 [ 0.57740587]
 [ 0.51882845]
 [ 0.41004184]
 [ 0.57740587]
 [ 0.50627613]
 [ 0.61087865]
 [ 0.58158994]
 [ 0.40167364]
 [ 0.57740587]]
训练集上一个批次数据通过inference的前10个输出结果
 [[ 0.4810769 ]
 [ 0.44826439]
 [ 0.4590593 ]
 [ 0.47670895]
 [ 0.46943998]
 [ 0.43062097]
 [ 0.47494811]
 [ 0.40234944]
 [ 0.53648418]
 [ 0.51795882]]
 40%|      | 2000/5000 [15:15<1:13:25,  1.47s/it]测试集上一个批次数据中通过inference后的前10个输出结果
 [[ 0.52025437]
 [ 0.53372961]
 [ 0.53877968]
 [ 0.50584435]
 [ 0.52673751]
 [ 0.52865165]
 [ 0.48998553]
 [ 0.51523483]
 [ 0.53968233]
 [ 0.52944261]]

Generation 2500: test Loss = 0.00635
训练集上一个批次数据的前10个数据
 [[ 0.39330545]
 [ 0.35564855]
 [ 0.56066948]
 [ 0.38493723]
 [ 0.42677826]
 [ 0.54393303]
 [ 0.43514645]
 [ 0.61087865]
 [ 0.51882845]
 [ 0.50627613]]
测试集上一个批次数据的前10个数据
 [[ 0.43933055]
 [ 0.59414226]
 [ 0.45188284]
 [ 0.47280335]
 [ 0.54393303]
 [ 0.55648535]
 [ 0.50627613]
 [ 0.46025103]
 [ 0.46025103]
 [ 0.60669458]]
训练集上一个批次数据通过inference的前10个输出结果
 [[ 0.46387067]
 [ 0.49347997]
 [ 0.53794956]
 [ 0.55311596]
 [ 0.47341686]
 [ 0.43031451]
 [ 0.46332356]
 [ 0.45727539]
 [ 0.4882403 ]
 [ 0.46967939]]
测试集上一个批次数据中通过inference后的前10个输出结果
 50%|     | 2500/5000 [19:05<1:01:46,  1.48s/it]
 [[ 0.50809056]
 [ 0.5337081 ]
 [ 0.54346567]
 [ 0.56552273]
 [ 0.56168973]
 [ 0.50416434]
 [ 0.56066656]
 [ 0.58509493]
 [ 0.4260892 ]
 [ 0.47684896]]


Generation 3000: test Loss = 0.00354
训练集上一个批次数据的前10个数据
 [[ 0.45188284]
 [ 0.46025103]
 [ 0.45606694]
 [ 0.53974897]
 [ 0.51464432]
 [ 0.53974897]
 [ 0.55230123]
 [ 0.43096235]
 [ 0.43933055]
 [ 0.38493723]]
测试集上一个批次数据的前10个数据
 [[ 0.42677826]
 [ 0.58158994]
 [ 0.59832639]
 [ 0.66945606]
 [ 0.43096235]
 [ 0.57740587]
 [ 0.49790794]
 [ 0.46443516]
 [ 0.44769874]
 [ 0.54393303]]
训练集上一个批次数据通过inference的前10个输出结果
 [[ 0.50073475]
 [ 0.4129774 ]
 [ 0.40193596]
 [ 0.51901734]
 [ 0.46130908]
 [ 0.46685094]
 [ 0.4924697 ]
 [ 0.50575596]
 [ 0.48906323]
 [ 0.53973937]]
测试集上一个批次数据中通过inference后的前10个输出结果
 [[ 0.46328959]
 [ 0.55163389]
 [ 0.49621683]
 [ 0.57292598]
 [ 0.47023883]
 [ 0.47740364]
 [ 0.47280681]
 [ 0.49570563]
 [ 0.46101448]
 [ 0.53052849]]

Generation 3500: test Loss = 0.00563
训练集上一个批次数据的前10个数据
 [[ 0.39330545]
 [ 0.48535565]
 [ 0.42259413]
 [ 0.49372384]
 [ 0.46025103]
 [ 0.43096235]
 [ 0.46025103]
 [ 0.47698745]
 [ 0.34728032]
 [ 0.46861926]]
测试集上一个批次数据的前10个数据
 [[ 0.50627613]
 [ 0.52719665]
 [ 0.41004184]
 [ 0.55230123]
 [ 0.52301258]
 [ 0.44351465]
 [ 0.46025103]
 [ 0.49372384]
 [ 0.49790794]
 [ 0.45606694]]
训练集上一个批次数据通过inference的前10个输出结果
 [[ 0.54674542]
 [ 0.52806783]
 [ 0.53477526]
 [ 0.53043962]
 [ 0.500296  ]
 [ 0.60688591]
 [ 0.5451448 ]
 [ 0.41723478]
 [ 0.50000268]
 [ 0.53704953]]
测试集上一个批次数据中通过inference后的前10个输出结果
 [[ 0.54600334]
 [ 0.53172565]
 [ 0.51704299]
 [ 0.4950909 ]
 [ 0.51465964]
 [ 0.55783403]
 [ 0.55781794]
 [ 0.56070602]
 [ 0.48990327]
 [ 0.48692659]]

Generation 4000: test Loss = 0.00384
训练集上一个批次数据的前10个数据
 [[ 0.41422594]
 [ 0.52719665]
 [ 0.42259413]
 [ 0.46861926]
 [ 0.56903768]
 [ 0.40585774]
 [ 0.43096235]
 [ 0.46861926]
 [ 0.61087865]
 [ 0.55230123]]
测试集上一个批次数据的前10个数据
 [[ 0.38493723]
 [ 0.53556484]
 [ 0.52301258]
 [ 0.55230123]
 [ 0.55648535]
 [ 0.66527194]
 [ 0.64016736]
 [ 0.64853555]
 [ 0.49372384]
 [ 0.48953974]]
训练集上一个批次数据通过inference的前10个输出结果
 [[ 0.45522299]
 [ 0.55651796]
 [ 0.51245761]
 [ 0.45027095]
 [ 0.49650502]
 [ 0.45996296]
 [ 0.44605717]
 [ 0.49874067]
 [ 0.40916991]
 [ 0.52379251]]
 80%|  | 4000/5000 [30:41<26:29,  1.59s/it]测试集上一个批次数据中通过inference后的前10个输出结果
 [[ 0.47510731]
 [ 0.52860802]
 [ 0.4075529 ]
 [ 0.44637913]
 [ 0.41249105]
 [ 0.48547012]
 [ 0.4961732 ]
 [ 0.58162308]
 [ 0.39159214]
 [ 0.51329094]]

 90%| | 4499/5000 [34:34<03:25,  2.44it/s]Generation 4500: train Loss = 0.00269
Generation 4500: test Loss = 0.00698
训练集上一个批次数据的前10个数据
 [[ 0.52719665]
 [ 0.50627613]
 [ 0.48953974]
 [ 0.42677826]
 [ 0.61506277]
 [ 0.58577406]
 [ 0.59832639]
 [ 0.42677826]
 [ 0.49372384]
 [ 0.58995813]]
测试集上一个批次数据的前10个数据
 [[ 0.59832639]
 [ 0.43096235]
 [ 0.58995813]
 [ 0.54393303]
 [ 0.48953974]
 [ 0.41841003]
 [ 0.55648535]
 [ 0.51464432]
 [ 0.53974897]
 [ 0.45606694]]
训练集上一个批次数据通过inference的前10个输出结果
 [[ 0.46791264]
 [ 0.4602229 ]
 [ 0.41243148]
 [ 0.56092381]
 [ 0.42574492]
 [ 0.48934516]
 [ 0.50836331]
 [ 0.4904944 ]
 [ 0.498779  ]
 [ 0.46321404]]
测试集上一个批次数据中通过inference后的前10个输出结果
 [[ 0.4811452 ]
 [ 0.43450969]
 [ 0.38397044]
 [ 0.44438684]
 [ 0.43797234]
 [ 0.46318319]
 [ 0.45216471]
 [ 0.38397044]
 [ 0.45174682]
 [ 0.44007617]]


100%|| 4999/5000 [38:31<00:00,  2.45it/s]Generation 5000: train Loss = 0.00274
Generation 5000: test Loss = 0.00647
训练集上一个批次数据的前10个数据
 [[ 0.66945606]
 [ 0.51882845]
 [ 0.54393303]
 [ 0.38075313]
 [ 0.51882845]
 [ 0.51464432]
 [ 0.48535565]
 [ 0.50209206]
 [ 0.55648535]
 [ 0.56903768]]
测试集上一个批次数据的前10个数据
 [[ 0.45188284]
 [ 0.56066948]
 [ 0.58158994]
 [ 0.47698745]
 [ 0.53138077]
 [ 0.45606694]
 [ 0.51046026]
 [ 0.44351465]
 [ 0.57322174]
 [ 0.58577406]]
训练集上一个批次数据通过inference的前10个输出结果
 [[ 0.48948139]
 [ 0.565799  ]
 [ 0.49237338]
 [ 0.58413386]
 [ 0.50436389]
 [ 0.45429671]
 [ 0.48143116]
 [ 0.52733195]
 [ 0.58260173]
 [ 0.56677485]]
测试集上一个批次数据中通过inference后的前10个输出结果
 [[ 0.51588106]
 [ 0.52543747]
 [ 0.5991751 ]
 [ 0.57507086]
 [ 0.54600799]
 [ 0.54512095]
 [ 0.5525912 ]
 [ 0.50332928]
 [ 0.46844462]
 [ 0.63338238]]
100%|| 5000/5000 [38:36<00:00,  1.67s/it]