Generation 2500: test Loss = 0.01862
训练集上一个批次数据的前10个数据
 [[ 0.50800002]
 [ 0.233     ]
 [ 0.34099999]
 [ 0.47999999]
 [ 0.271     ]
 [ 0.271     ]
 [ 0.58600003]
 [ 0.47299999]
 [ 0.23199999]
 [ 0.28400001]]
测试集上一个批次数据的前10个数据
 [[ 0.221     ]
 [ 0.278     ]
 [ 0.32699999]
 [ 0.50099999]
 [ 0.41299999]
 [ 0.43599999]
 [ 0.35699999]
 [ 0.20200001]
 [ 0.24600001]
 [ 0.354     ]]
训练集上一个批次数据通过inference的前10个输出结果
 [[ 0.22495076]
 [ 0.25686219]
 [ 0.24369222]
 [ 0.36506486]
 [ 0.41226149]
 [ 0.48594424]
 [ 0.26130617]
 [ 0.25105286]
 [ 0.24783546]
 [ 0.52996415]]
测试集上一个批次数据中通过inference后的前10个输出结果
 [[ 0.2301835 ]
 [ 0.15530887]
 [ 0.16086663]
 [ 0.19829302]
 [ 0.15500729]
 [ 0.14826168]
 [ 0.31741154]
 [ 0.17685948]
 [ 0.16632801]
 [ 0.17622927]]
Generation 4000: test Loss = 0.00496
训练集上一个批次数据的前10个数据
 [[ 0.20299999]
 [ 0.403     ]
 [ 0.294     ]
 [ 0.41800001]
 [ 0.19599999]
 [ 0.49900001]
 [ 0.435     ]
 [ 0.241     ]
 [ 0.213     ]
 [ 0.44600001]]
测试集上一个批次数据的前10个数据
 [[ 0.32800001]
 [ 0.37400001]
 [ 0.31799999]
 [ 0.35100001]
 [ 0.542     ]
 [ 0.40099999]
 [ 0.34099999]
 [ 0.242     ]
 [ 0.352     ]
 [ 0.49599999]]
训练集上一个批次数据通过inference的前10个输出结果
 [[ 0.23952235]
 [ 0.25508535]
 [ 0.38918781]
 [ 0.24588543]
 [ 0.28233927]
 [ 0.2529259 ]
 [ 0.3622002 ]
 [ 0.44357991]
 [ 0.2296267 ]
 [ 0.22978784]]
 80%|  | 4000/5000 [1:03:13<41:12,  2.47s/it]测试集上一个批次数据中通过inference后的前10个输出结果
 [[ 0.37662503]
 [ 0.38359803]
 [ 0.3622002 ]
 [ 0.42780113]
 [ 0.27232283]
 [ 0.28189206]
 [ 0.40594912]
 [ 0.36227629]
 [ 0.27677065]
 [ 0.27675444]]

Generation 4500: test Loss = 0.00237
训练集上一个批次数据的前10个数据
 [[ 0.236     ]
 [ 0.227     ]
 [ 0.219     ]
 [ 0.815     ]
 [ 0.62599999]
 [ 0.215     ]
 [ 0.45199999]
 [ 0.271     ]
 [ 0.359     ]
 [ 0.48699999]]
测试集上一个批次数据的前10个数据
 [[ 0.34599999]
 [ 0.755     ]
 [ 0.213     ]
 [ 0.454     ]
 [ 0.248     ]
 [ 0.373     ]
 [ 0.79000002]
 [ 0.47799999]
 [ 0.56900001]
 [ 0.52200001]]
训练集上一个批次数据通过inference的前10个输出结果
 [[ 0.84628773]
 [ 0.4947004 ]
 [ 0.37229282]
 [ 0.48670125]
 [ 0.42263153]
 [ 0.24920236]
 [ 0.30092573]
 [ 0.47262424]
 [ 0.38195652]
 [ 0.36446917]]
测试集上一个批次数据中通过inference后的前10个输出结果
 [[ 0.42739603]
 [ 0.38412836]
 [ 0.37496269]
 [ 0.52820241]
 [ 0.26364496]
 [ 0.4587062 ]
 [ 0.37229282]
 [ 0.39966363]
 [ 0.47986177]
 [ 0.7084527 ]]

100%|| 4999/5000 [1:19:25<00:00,  1.14it/s]Generation 5000: train Loss = 0.00181
Generation 5000: test Loss = 0.00503
训练集上一个批次数据的前10个数据
 [[ 0.50099999]
 [ 0.34900001]
 [ 0.096     ]
 [ 0.21799999]
 [ 0.33700001]
 [ 0.40900001]
 [ 0.31400001]
 [ 0.226     ]
 [ 0.38800001]
 [ 0.36000001]]
测试集上一个批次数据的前10个数据
 [[ 0.42300001]
 [ 0.465     ]
 [ 0.23999999]
 [ 0.53200001]
 [ 0.47799999]
 [ 0.20900001]
 [ 0.80699998]
 [ 0.40099999]
 [ 0.54100001]
 [ 0.69700003]]
训练集上一个批次数据通过inference的前10个输出结果
 [[ 0.73342931]
 [ 0.24555111]
 [ 0.45723453]
 [ 0.24326113]
 [ 0.2587536 ]
 [ 0.22925949]
 [ 0.45859164]
 [ 0.35934821]
 [ 0.4663375 ]
 [ 0.25979394]]
测试集上一个批次数据中通过inference后的前10个输出结果
 [[ 0.36061862]
 [ 0.27589804]
 [ 0.36030191]
 [ 0.36222529]
 [ 0.70386875]
 [ 0.23127519]
 [ 0.35934821]
 [ 0.36160591]
 [ 0.36212721]
 [ 0.36287254]]