Generation 500: test Loss = 0.00448
训练集上一个批次数据的前10个数据
 [[ 0.47280335]
 [ 0.38075313]
 [ 0.41422594]
 [ 0.54811716]
 [ 0.58577406]
 [ 0.35983264]
 [ 0.49790794]
 [ 0.58577406]
 [ 0.38075313]
 [ 0.41841003]]
测试集上一个批次数据的前10个数据
 [[ 0.52301258]
 [ 0.46861926]
 [ 0.44769874]
 [ 0.46861926]
 [ 0.45606694]
 [ 0.43514645]
 [ 0.44351465]
 [ 0.45188284]
 [ 0.41422594]
 [ 0.60251045]]
训练集上一个批次数据通过inference的前10个输出结果
 [[ 0.48703709]
 [ 0.48703709]
 [ 0.48703709]
 [ 0.48703709]
 [ 0.48703709]
 [ 0.48703709]
 [ 0.48703709]
 [ 0.48703709]
 [ 0.48703709]
 [ 0.48703709]]
测试集上一个批次数据中通过inference后的前10个输出结果
 [[ 0.48703709]
 [ 0.48703709]
 [ 0.48703709]
 [ 0.48703709]
 [ 0.48703709]
 [ 0.48703709]
 [ 0.48703709]
 [ 0.48703709]
 [ 0.48703709]
 [ 0.48703709]]

Generation 5500: test Loss = 0.00319
训练集上一个批次数据的前10个数据
 [[ 0.55230123]
 [ 0.54393303]
 [ 0.44351465]
 [ 0.64435148]
 [ 0.51882845]
 [ 0.45606694]
 [ 0.45606694]
 [ 0.45606694]
 [ 0.40585774]
 [ 0.27615061]]
测试集上一个批次数据的前10个数据
 [[ 0.56485355]
 [ 0.54393303]
 [ 0.48535565]
 [ 0.53556484]
 [ 0.46025103]
 [ 0.54811716]
 [ 0.48117155]
 [ 0.50627613]
 [ 0.37656903]
 [ 0.41004184]]
训练集上一个批次数据通过inference的前10个输出结果
 [[ 0.48910308]
 [ 0.53508419]
 [ 0.50296718]
 [ 0.45392662]
 [ 0.45165798]
 [ 0.41539407]
 [ 0.54249352]
 [ 0.54546094]
 [ 0.50122952]
 [ 0.46009687]]
 69%|   | 5500/8000 [46:25<1:16:48,  1.84s/it]测试集上一个批次数据中通过inference后的前10个输出结果
 [[ 0.51916552]
 [ 0.54377103]
 [ 0.5554511 ]
 [ 0.54186398]
 [ 0.50136399]
 [ 0.50089544]
 [ 0.57250535]
 [ 0.57250535]
 [ 0.55226332]
 [ 0.52725971]]

Generation 6000: test Loss = 0.00307
训练集上一个批次数据的前10个数据
 [[ 0.41004184]
 [ 0.47280335]
 [ 0.45606694]
 [ 0.50627613]
 [ 0.50209206]
 [ 0.39330545]
 [ 0.48535565]
 [ 0.54811716]
 [ 0.50209206]
 [ 0.48117155]]
测试集上一个批次数据的前10个数据
 [[ 0.63598329]
 [ 0.49790794]
 [ 0.62343097]
 [ 0.48117155]
 [ 0.54811716]
 [ 0.44351465]
 [ 0.50209206]
 [ 0.48953974]
 [ 0.38075313]
 [ 0.46025103]]
训练集上一个批次数据通过inference的前10个输出结果
 [[ 0.59396338]
 [ 0.51862985]
 [ 0.55911767]
 [ 0.43439665]
 [ 0.50008005]
 [ 0.59396338]
 [ 0.59396338]
 [ 0.59396338]
 [ 0.57390457]
 [ 0.46457046]]
 75%|  | 6000/8000 [50:57<1:06:02,  1.98s/it]测试集上一个批次数据中通过inference后的前10个输出结果
 [[ 0.45371258]
 [ 0.59396338]
 [ 0.47775769]
 [ 0.51242816]
 [ 0.5219903 ]
 [ 0.59396338]
 [ 0.57757026]
 [ 0.43323734]
 [ 0.56373048]
 [ 0.46077222]]

Generation 6500: test Loss = 0.00244
训练集上一个批次数据的前10个数据
 [[ 0.56066948]
 [ 0.54393303]
 [ 0.53138077]
 [ 0.48117155]
 [ 0.55648535]
 [ 0.50209206]
 [ 0.38912135]
 [ 0.53974897]
 [ 0.53974897]
 [ 0.54811716]]
测试集上一个批次数据的前10个数据
 [[ 0.32635984]
 [ 0.54811716]
 [ 0.49372384]
 [ 0.46443516]
 [ 0.58995813]
 [ 0.46861926]
 [ 0.49790794]
 [ 0.44351465]
 [ 0.53974897]
 [ 0.57740587]]
训练集上一个批次数据通过inference的前10个输出结果
 [[ 0.52142012]
 [ 0.56416583]
 [ 0.56416583]
 [ 0.52896601]
 [ 0.45906743]
 [ 0.49984473]
 [ 0.56416583]
 [ 0.52590501]
 [ 0.56416583]
 [ 0.54308599]]
测试集上一个批次数据中通过inference后的前10个输出结果
 81%| | 6500/8000 [55:31<52:21,  2.09s/it] [[ 0.4909128 ]
 [ 0.40508115]
 [ 0.46937615]
 [ 0.46872106]
 [ 0.52888334]
 [ 0.51140881]
 [ 0.43763632]
 [ 0.43578357]
 [ 0.42361724]
 [ 0.48327279]]

Generation 7000: test Loss = 0.00283
训练集上一个批次数据的前10个数据
 [[ 0.57322174]
 [ 0.61087865]
 [ 0.54811716]
 [ 0.44351465]
 [ 0.44351465]
 [ 0.47280335]
 [ 0.55230123]
 [ 0.49372384]
 [ 0.48117155]
 [ 0.44351465]]
测试集上一个批次数据的前10个数据
 [[ 0.53556484]
 [ 0.55648535]
 [ 0.46443516]
 [ 0.46025103]
 [ 0.53138077]
 [ 0.56066948]
 [ 0.45606694]
 [ 0.48953974]
 [ 0.48953974]
 [ 0.44769874]]
训练集上一个批次数据通过inference的前10个输出结果
 [[ 0.5894677 ]
 [ 0.41884717]
 [ 0.56690508]
 [ 0.45732713]
 [ 0.48277783]
 [ 0.30548927]
 [ 0.49464661]
 [ 0.53064311]
 [ 0.47037989]
 [ 0.52766037]]
测试集上一个批次数据中通过inference后的前10个输出结果
 [[ 0.52573276]
 [ 0.54791927]
 [ 0.46998239]
 [ 0.46660769]
 [ 0.54090619]
 [ 0.53868079]
 [ 0.50093156]
 [ 0.46601453]
 [ 0.50103146]
 [ 0.5894677 ]]

Generation 7500: test Loss = 0.00423
训练集上一个批次数据的前10个数据
 [[ 0.55648535]
 [ 0.52301258]
 [ 0.47280335]
 [ 0.49372384]
 [ 0.33891213]
 [ 0.40167364]
 [ 0.40167364]
 [ 0.42259413]
 [ 0.54811716]
 [ 0.51882845]]
测试集上一个批次数据的前10个数据
 [[ 0.42677826]
 [ 0.57740587]
 [ 0.51882845]
 [ 0.43514645]
 [ 0.53556484]
 [ 0.49790794]
 [ 0.49790794]
 [ 0.51046026]
 [ 0.38075313]
 [ 0.46861926]]
训练集上一个批次数据通过inference的前10个输出结果
 [[ 0.59234989]
 [ 0.49469727]
 [ 0.50572455]
 [ 0.49389842]
 [ 0.51731408]
 [ 0.52530158]
 [ 0.50078386]
 [ 0.49232021]
 [ 0.59234989]
 [ 0.48156306]]
 94%|| 7500/8000 [1:04:35<16:47,  2.02s/it]测试集上一个批次数据中通过inference后的前10个输出结果
 [[ 0.46151063]
 [ 0.40835854]
 [ 0.39615503]
 [ 0.53738141]
 [ 0.41944772]
 [ 0.51999187]
 [ 0.48790655]
 [ 0.43516988]
 [ 0.34337926]
 [ 0.41917613]]

Generation 8000: test Loss = 0.00213
训练集上一个批次数据的前10个数据
 [[ 0.56485355]
 [ 0.55230123]
 [ 0.45606694]
 [ 0.46443516]
 [ 0.51882845]
 [ 0.58158994]
 [ 0.64016736]
 [ 0.55648535]
 [ 0.49790794]
 [ 0.51046026]]
测试集上一个批次数据的前10个数据
 [[ 0.53138077]
 [ 0.54393303]
 [ 0.62343097]
 [ 0.48953974]
 [ 0.51464432]
 [ 0.46861926]
 [ 0.52719665]
 [ 0.51464432]
 [ 0.38912135]
 [ 0.48535565]]
训练集上一个批次数据通过inference的前10个输出结果
 [[ 0.45745605]
 [ 0.55579728]
 [ 0.44349045]
 [ 0.47838303]
 [ 0.50176013]
 [ 0.43668282]
 [ 0.50443548]
 [ 0.50990939]
 [ 0.52580351]
 [ 0.51606637]]
测试集上一个批次数据中通过inference后的前10个输出结果
 [[ 0.39451945]
 [ 0.51349467]
 [ 0.42594635]
 [ 0.44924837]
 [ 0.50339222]
 [ 0.47170249]
 [ 0.45854256]
 [ 0.44170421]
 [ 0.4655363 ]
 [ 0.58115715]]