Generation 1000: test Loss = 0.55289
训练集上一个批次数据的前10个数据
 [[ 0.58577406]
 [ 0.62343097]
 [ 0.52719665]
 [ 0.50209206]
 [ 0.44769874]
 [ 0.48535565]
 [ 0.60251045]
 [ 0.59414226]
 [ 0.42677826]
 [ 0.29707113]]
测试集上一个批次数据的前10个数据
 [[ 0.48535565]
 [ 0.51464432]
 [ 0.53138077]
 [ 0.48117155]
 [ 0.43096235]
 [ 0.43514645]
 [ 0.44769874]
 [ 0.38493723]
 [ 0.59414226]
 [ 0.45606694]]
训练集上一个批次数据通过inference的前10个输出结果
 [[ 0.47437412]
 [ 0.49634758]
 [ 0.51725733]
 [ 0.5322274 ]
 [ 0.54791415]
 [ 0.50376457]
 [ 0.49084228]
 [ 0.49395481]
 [ 0.44892693]
 [ 0.58749831]]
 20%|        | 1000/5000 [15:24<2:14:23,  2.02s/it]测试集上一个批次数据中通过inference后的前10个输出结果
 [[ 0.45963269]
 [ 0.47743434]
 [ 0.49873048]
 [ 0.45221719]
 [ 0.4532935 ]
 [ 0.47135821]
 [ 0.48857978]
 [ 0.44318336]
 [ 0.45699039]
 [ 0.50276661]]


Generation 1500: test Loss = 0.14536
训练集上一个批次数据的前10个数据
 [[ 0.56485355]
 [ 0.51464432]
 [ 0.54811716]
 [ 0.51046026]
 [ 0.56903768]
 [ 0.46443516]
 [ 0.46025103]
 [ 0.50209206]
 [ 0.46443516]
 [ 0.50627613]]
测试集上一个批次数据的前10个数据
 [[ 0.47280335]
 [ 0.50209206]
 [ 0.51464432]
 [ 0.47280335]
 [ 0.39330545]
 [ 0.49790794]
 [ 0.54811716]
 [ 0.52719665]
 [ 0.35983264]
 [ 0.39330545]]
训练集上一个批次数据通过inference的前10个输出结果
 [[ 0.54202187]
 [ 0.50759053]
 [ 0.54314244]
 [ 0.51879722]
 [ 0.47822088]
 [ 0.48978308]
 [ 0.45227379]
 [ 0.46643573]
 [ 0.46287903]
 [ 0.42855626]]
 30%|       | 1500/5000 [23:09<2:04:19,  2.13s/it]测试集上一个批次数据中通过inference后的前10个输出结果
 [[ 0.43915305]
 [ 0.44068268]
 [ 0.45193821]
 [ 0.44156662]
 [ 0.43073639]
 [ 0.42337161]
 [ 0.42337161]
 [ 0.48120964]
 [ 0.43320265]
 [ 0.42337161]]



 40%|      | 1999/5000 [30:49<43:11,  1.16it/s]Generation 2000: train Loss = 0.03987
Generation 2000: test Loss = 0.04258
训练集上一个批次数据的前10个数据
 [[ 0.51046026]
 [ 0.41841003]
 [ 0.48117155]
 [ 0.46861926]
 [ 0.53138077]
 [ 0.48953974]
 [ 0.34728032]
 [ 0.52719665]
 [ 0.45606694]
 [ 0.55648535]]
测试集上一个批次数据的前10个数据
 [[ 0.54811716]
 [ 0.38075313]
 [ 0.54393303]
 [ 0.52719665]
 [ 0.48535565]
 [ 0.43096235]
 [ 0.57740587]
 [ 0.68200839]
 [ 0.61924684]
 [ 0.60669458]]
训练集上一个批次数据通过inference的前10个输出结果
 [[ 0.47850329]
 [ 0.49758002]
 [ 0.49749297]
 [ 0.52899593]
 [ 0.52785385]
 [ 0.52179092]
 [ 0.49084812]
 [ 0.53474623]
 [ 0.47319269]
 [ 0.51339144]]
测试集上一个批次数据中通过inference后的前10个输出结果
 [[ 0.57414585]
 40%|      | 2000/5000 [30:54<1:45:14,  2.10s/it]
 [ 0.55094451]
 [ 0.52407038]
 [ 0.59563106]
 [ 0.53274232]
 [ 0.5700593 ]
 [ 0.54949504]
 [ 0.49022061]
 [ 0.53964537]
 [ 0.54862523]]
